437 800 270 0
437 800 270 0
437 800 270 0
437 800 270 0
437 800 270 0
437 800 270 0
437 800 270 0
437 800 270 0
437 800 270 0
437 800 270 0.05
436 800 270 0.1
436 800 270 0.15000000000000002
436 800 270 0.2
436 800 270 0.25
436 800 270 0.3
435 800 270 0.35
435 800 270 0.39999999999999997
435 800 270 0.44999999999999996
434 800 270 0.49999999999999994
434 800 270 0.5499999999999999
433 800 270 0.6
433 800 270 0.65
432 800 270 0.7000000000000001
431 800 270 0.7500000000000001
431 800 270 0.8000000000000002
430 800 270 0.8500000000000002
429 800 270 0.9000000000000002
428 800 270 0.9500000000000003
427 800 270 1.0000000000000002
426 800 270 1.0500000000000003
425 800 270 1.1000000000000003
424 800 270 1.1500000000000004
423 800 270 1.2000000000000004
422 800 270 1.2500000000000004
420 800 270 1.3000000000000005
419 800 270 1.3500000000000005
418 800 270 1.4000000000000006
416 800 270 1.4500000000000006
415 800 270 1.5000000000000007
413 800 270 1.5500000000000007
412 800 270 1.6000000000000008
410 800 270 1.6500000000000008
408 800 270 1.7000000000000008
407 800 270 1.7500000000000009
405 800 270 1.800000000000001
403 800 270 1.850000000000001
401 800 270 1.900000000000001
399 800 270 1.950000000000001
398 800 270 2.000000000000001
396 800 268 2.0500000000000007
393 800 266 2.1000000000000005
391 800 264 2.1500000000000004
389 800 262 2.2
387 800 260 2.25
385 801 258 2.3
383 801 256 2.3499999999999996
380 802 254 2.3999999999999995
378 802 252 2.4499999999999993
376 803 250 2.499999999999999
373 804 248 2.549999999999999
371 805 246 2.5999999999999988
369 806 244 2.6499999999999986
366 807 242 2.6999999999999984
364 808 240 2.7499999999999982
361 810 238 2.799999999999998
359 811 238 2.849999999999998
357 813 238 2.8999999999999977
354 814 238 2.9499999999999975
352 816 238 2.9999999999999973
349 817 238 3.049999999999997
347 819 238 3.099999999999997
344 821 238 3.149999999999997
341 822 238 3.1999999999999966
339 824 238 3.2499999999999964
336 826 238 3.2999999999999963
333 828 238 3.349999999999996
330 829 238 3.399999999999996
327 831 238 3.4499999999999957
324 833 240 3.4999999999999956
321 835 242 3.5499999999999954
318 836 244 3.599999999999995
315 838 246 3.649999999999995
312 839 248 3.699999999999995
308 841 250 3.7499999999999947
305 842 252 3.7999999999999945
301 843 254 3.8499999999999943
297 844 256 3.899999999999994
294 845 258 3.949999999999994
290 846 260 3.999999999999994
286 847 262 4.049999999999994
282 847 264 4.099999999999993
278 848 266 4.149999999999993
273 848 268 4.199999999999993
269 848 270 4.249999999999993
265 848 272 4.299999999999993
261 848 274 4.3499999999999925
256 848 276 4.399999999999992
252 847 278 4.449999999999992
248 847 280 4.499999999999992
243 846 282 4.549999999999992
239 845 284 4.599999999999992
234 844 286 4.6499999999999915
230 843 288 4.699999999999991
225 841 290 4.749999999999991
221 840 292 4.799999999999991
216 838 294 4.849999999999991
212 836 296 4.899999999999991
208 834 298 4.94999999999999
203 831 300 4.99999999999999
199 829 302 5.04999999999999
195 826 304 4.99999999999999
190 823 306 5.04999999999999
186 820 308 4.99999999999999
182 817 310 5.04999999999999
179 814 312 4.99999999999999
175 811 314 5.04999999999999
171 807 316 4.99999999999999
168 804 318 5.04999999999999
164 800 320 5.09999999999999
161 796 322 5.14999999999999
158 792 324 5.1999999999999895
155 788 326 5.249999999999989
152 783 328 5.299999999999989
149 779 330 5.349999999999989
146 774 332 5.399999999999989
144 769 334 5.449999999999989
142 764 336 5.4999999999999885
139 759 338 5.549999999999988
137 754 340 5.599999999999988
135 749 342 5.649999999999988
134 744 344 5.699999999999988
132 738 346 5.749999999999988
131 733 348 5.799999999999987
129 727 350 5.849999999999987
128 721 352 5.899999999999987
128 715 354 5.949999999999987
127 709 356 5.999999999999987
126 703 358 6.0499999999999865
126 697 0 6.099999999999986
126 691 2 6.149999999999986
127 685 4 6.199999999999986
127 679 6 6.249999999999986
128 673 6 6.299999999999986
128 666 6 6.349999999999985
129 660 6 6.399999999999985
130 654 6 6.449999999999985
130 647 6 6.499999999999985
131 641 6 6.549999999999985
132 634 6 6.5999999999999845
132 628 6 6.649999999999984
133 621 6 6.649999999999984
134 615 6 6.649999999999984
134 608 6 6.649999999999984
135 601 6 6.649999999999984
136 595 6 6.649999999999984
136 588 6 6.649999999999984
137 582 6 6.649999999999984
138 575 6 6.649999999999984
139 568 6 6.649999999999984
139 562 6 6.649999999999984
140 555 6 6.649999999999984
141 548 6 6.649999999999984
141 542 6 6.649999999999984
142 535 6 6.649999999999984
143 529 6 6.649999999999984
143 522 6 6.649999999999984
144 515 6 6.649999999999984
145 509 6 6.649999999999984
146 502 6 6.649999999999984
146 496 6 6.649999999999984
147 489 6 6.649999999999984
148 482 6 6.649999999999984
148 476 6 6.649999999999984
149 469 6 6.649999999999984
150 462 6 6.649999999999984
150 456 6 6.649999999999984
151 449 6 6.649999999999984
152 443 6 6.649999999999984
152 436 8 6.649999999999984
153 429 10 6.649999999999984
155 423 12 6.649999999999984
156 416 14 6.649999999999984
158 410 16 6.649999999999984
159 404 18 6.649999999999984
161 397 20 6.649999999999984
164 391 22 6.649999999999984
166 385 24 6.649999999999984
169 379 26 6.649999999999984
172 373 28 6.649999999999984
175 367 30 6.649999999999984
178 361 30 6.649999999999984
182 355 30 6.649999999999984
185 350 30 6.649999999999984
188 344 30 6.649999999999984
192 338 30 6.649999999999984
195 332 30 6.649999999999984
198 327 30 6.649999999999984
202 321 32 6.649999999999984
205 315 34 6.649999999999984
209 310 36 6.649999999999984
213 304 38 6.649999999999984
217 299 40 6.649999999999984
221 294 42 6.649999999999984
226 289 44 6.649999999999984
230 284 46 6.649999999999984
235 280 48 6.649999999999984
240 275 50 6.649999999999984
245 271 52 6.649999999999984
250 267 54 6.649999999999984
256 263 56 6.649999999999984
261 259 58 6.649999999999984
267 256 60 6.649999999999984
272 252 62 6.649999999999984
278 249 64 6.649999999999984
284 246 66 6.649999999999984
290 244 68 6.649999999999984
297 241 70 6.649999999999984
303 239 72 6.649999999999984
309 237 74 6.649999999999984
316 235 76 6.649999999999984
322 233 78 6.649999999999984
328 232 78 6.649999999999984
335 231 78 6.649999999999984
341 229 78 6.649999999999984
348 228 78 6.649999999999984
355 226 78 6.649999999999984
361 225 78 6.649999999999984
368 224 78 6.649999999999984
374 222 78 6.649999999999984
381 221 78 6.649999999999984
387 219 78 6.649999999999984
394 218 78 6.649999999999984
400 217 78 6.649999999999984
407 215 78 6.649999999999984
413 214 78 6.649999999999984
420 213 78 6.649999999999984
426 211 78 6.649999999999984
433 210 78 6.649999999999984
439 208 78 6.649999999999984
446 207 78 6.649999999999984
452 206 78 6.649999999999984
459 204 78 6.649999999999984
465 203 78 6.649999999999984
472 202 78 6.649999999999984
478 200 78 6.649999999999984
485 199 78 6.649999999999984
491 197 78 6.649999999999984
498 196 78 6.649999999999984
504 195 78 6.649999999999984
511 193 78 6.649999999999984
517 192 78 6.649999999999984
524 190 78 6.649999999999984
530 189 78 6.649999999999984
537 188 78 6.649999999999984
543 186 78 6.649999999999984
550 185 78 6.649999999999984
556 184 78 6.649999999999984
563 182 78 6.649999999999984
569 181 78 6.649999999999984
576 179 80 6.649999999999984
582 178 82 6.649999999999984
589 177 84 6.649999999999984
595 177 86 6.649999999999984
602 176 88 6.649999999999984
609 176 90 6.649999999999984
615 176 92 6.649999999999984
622 176 94 6.649999999999984
629 177 96 6.649999999999984
635 177 96 6.649999999999984
642 178 96 6.649999999999984
648 179 96 6.649999999999984
655 179 96 6.649999999999984
662 180 96 6.649999999999984
668 181 96 6.649999999999984
675 181 96 6.649999999999984
682 182 96 6.649999999999984
688 183 96 6.649999999999984
695 184 96 6.649999999999984
701 184 96 6.649999999999984
708 185 96 6.649999999999984
715 186 96 6.649999999999984
721 186 96 6.649999999999984
728 187 96 6.649999999999984
734 188 96 6.649999999999984
741 188 96 6.649999999999984
748 189 96 6.649999999999984
754 190 98 6.649999999999984
761 191 100 6.649999999999984
767 192 102 6.649999999999984
774 193 104 6.649999999999984
780 195 106 6.649999999999984
787 197 108 6.649999999999984
793 199 110 6.649999999999984
799 201 112 6.649999999999984
806 204 114 6.649999999999984
812 206 116 6.649999999999984
818 209 118 6.649999999999984
823 212 120 6.649999999999984
829 216 122 6.649999999999984
835 219 124 6.649999999999984
840 223 126 6.649999999999984
846 227 128 6.649999999999984
851 231 130 6.649999999999984
856 235 132 6.649999999999984
861 240 134 6.649999999999984
866 244 136 6.649999999999984
870 249 138 6.649999999999984
875 254 140 6.649999999999984
879 259 142 6.649999999999984
883 264 144 6.649999999999984
887 270 146 6.649999999999984
891 275 148 6.649999999999984
894 281 150 6.549999999999985
898 286 152 6.449999999999985
901 292 154 6.449999999999985
903 298 156 6.449999999999985
906 304 158 6.449999999999985
909 310 160 6.449999999999985
911 316 162 6.449999999999985
913 322 164 6.449999999999985
915 328 166 6.449999999999985
916 334 168 6.449999999999985
917 341 170 6.449999999999985
919 347 172 6.449999999999985
919 354 172 6.449999999999985
920 360 172 6.449999999999985
921 366 172 6.449999999999985
922 373 172 6.449999999999985
923 379 172 6.449999999999985
924 385 172 6.449999999999985
925 392 172 6.449999999999985
926 398 172 6.449999999999985
927 405 172 6.449999999999985
928 411 172 6.449999999999985
928 417 172 6.449999999999985
929 424 172 6.449999999999985
930 430 172 6.449999999999985
931 437 172 6.449999999999985
932 443 172 6.449999999999985
933 449 172 6.449999999999985
934 456 172 6.449999999999985
935 462 172 6.449999999999985
936 469 172 6.449999999999985
936 475 172 6.449999999999985
937 481 172 6.449999999999985
938 488 172 6.449999999999985
939 494 174 6.449999999999985
940 500 176 6.449999999999985
940 507 178 6.449999999999985
941 513 180 6.449999999999985
941 520 182 6.449999999999985
940 526 184 6.449999999999985
940 533 186 6.449999999999985
939 539 188 6.449999999999985
938 545 190 6.449999999999985
937 552 192 6.449999999999985
936 558 194 6.449999999999985
934 564 196 6.449999999999985
932 571 198 6.449999999999985
930 577 200 6.449999999999985
928 583 202 6.449999999999985
926 589 204 6.449999999999985
923 595 206 6.449999999999985
920 600 208 6.449999999999985
917 606 210 6.449999999999985
914 612 212 6.449999999999985
911 617 214 6.449999999999985
907 623 216 6.449999999999985
903 628 218 6.449999999999985
899 633 220 6.449999999999985
895 638 222 6.349999999999985
891 643 224 6.249999999999986
887 647 226 6.149999999999986
882 651 228 6.0499999999999865
878 655 230 5.949999999999987
873 659 232 5.849999999999987
869 663 234 5.749999999999988
864 666 236 5.649999999999988
859 669 238 5.549999999999988
855 672 240 5.449999999999989
850 675 242 5.349999999999989
845 677 244 5.349999999999989
840 680 246 5.349999999999989
835 682 248 5.349999999999989
830 684 250 5.349999999999989
825 686 252 5.349999999999989
820 687 254 5.349999999999989
815 689 256 5.349999999999989
810 690 258 5.349999999999989
805 691 260 5.349999999999989
799 692 260 5.349999999999989
794 693 260 5.349999999999989
789 694 260 5.349999999999989
784 695 260 5.349999999999989
778 696 260 5.349999999999989
773 697 260 5.349999999999989
768 698 260 5.399999999999989
763 699 260 5.449999999999989
757 700 260 5.4999999999999885
752 701 260 5.549999999999988
746 702 260 5.599999999999988
741 703 260 5.649999999999988
735 704 260 5.699999999999988
730 705 260 5.749999999999988
724 706 260 5.799999999999987
718 707 260 5.849999999999987
712 708 260 5.899999999999987
707 709 260 5.949999999999987
701 710 260 5.999999999999987
695 711 260 6.0499999999999865
689 712 260 6.099999999999986
683 713 260 6.149999999999986
677 714 260 6.199999999999986
671 715 260 6.249999999999986
665 716 260 6.299999999999986
658 717 260 6.349999999999985
652 718 260 6.399999999999985
646 719 260 6.449999999999985
639 721 260 6.499999999999985
633 722 260 6.549999999999985
627 723 262 6.5999999999999845
620 724 264 6.5999999999999845
614 724 266 6.5999999999999845
607 725 268 6.5999999999999845
600 725 270 6.5999999999999845
594 725 272 6.5999999999999845
587 725 274 6.5999999999999845
581 724 276 6.5999999999999845
574 724 278 6.5999999999999845
567 723 280 6.5999999999999845
561 722 282 6.5999999999999845
555 720 284 6.5999999999999845
548 719 286 6.5999999999999845
542 717 288 6.5999999999999845
535 715 288 6.5999999999999845
529 713 288 6.5999999999999845
523 711 288 6.5999999999999845
517 709 288 6.5999999999999845
510 707 288 6.5999999999999845
504 705 288 6.5999999999999845
498 703 288 6.5999999999999845
492 701 288 6.5999999999999845
485 698 288 6.5999999999999845
479 696 288 6.5999999999999845
473 694 288 6.5999999999999845
466 692 288 6.5999999999999845
460 690 288 6.5999999999999845
454 688 288 6.5999999999999845
448 686 288 6.5999999999999845
441 684 288 6.5999999999999845
435 682 288 6.5999999999999845
429 680 288 6.5999999999999845
423 678 288 6.5999999999999845
416 676 288 6.5999999999999845
410 674 288 6.499999999999985
404 672 288 6.399999999999985
398 670 288 6.299999999999986
392 668 288 6.199999999999986
386 666 288 6.099999999999986
380 664 288 5.999999999999987
374 662 288 5.899999999999987
369 661 288 5.799999999999987
363 659 286 5.699999999999988
358 657 284 5.599999999999988
352 656 282 5.4999999999999885
347 655 280 5.399999999999989
342 654 278 5.299999999999989
336 653 276 5.1999999999999895
331 653 274 5.09999999999999
326 652 272 4.99999999999999
321 652 270 4.99999999999999
316 652 270 4.99999999999999
311 652 270 4.99999999999999
306 652 270 4.99999999999999
301 652 270 4.99999999999999
296 652 270 4.99999999999999
291 652 270 4.99999999999999
286 652 270 4.99999999999999
281 652 270 4.99999999999999
276 652 270 4.99999999999999
271 652 270 4.99999999999999
266 652 270 4.99999999999999
261 652 270 4.99999999999999
256 652 270 4.99999999999999
251 652 272 4.99999999999999
246 652 274 4.99999999999999
241 651 276 4.99999999999999
236 651 278 4.99999999999999
231 650 280 4.99999999999999
226 649 282 4.99999999999999
221 648 284 4.99999999999999
216 647 286 4.99999999999999
212 646 288 4.99999999999999
207 644 290 4.99999999999999
202 643 292 4.99999999999999
198 641 294 4.99999999999999
193 639 296 4.99999999999999
189 636 298 4.99999999999999
184 634 300 4.99999999999999
180 632 302 4.99999999999999
176 629 304 4.99999999999999
171 626 306 4.99999999999999
167 623 308 4.99999999999999
163 620 310 4.99999999999999
160 617 312 4.99999999999999
156 614 314 4.99999999999999
152 610 316 4.99999999999999
149 606 318 4.99999999999999
145 603 320 4.99999999999999
142 599 322 4.99999999999999
139 595 324 4.99999999999999
136 591 326 4.99999999999999
133 587 328 4.99999999999999
131 583 330 4.99999999999999
128 578 332 4.99999999999999
126 574 334 4.99999999999999
124 569 336 4.99999999999999
122 565 338 4.99999999999999
120 560 340 4.99999999999999
118 555 342 4.99999999999999
117 551 344 4.99999999999999
115 546 346 4.99999999999999
114 541 348 4.99999999999999
113 536 350 4.99999999999999
112 531 352 4.99999999999999
111 526 354 4.99999999999999
111 521 356 4.99999999999999
110 516 358 4.99999999999999
110 511 0 4.99999999999999
110 506 2 4.99999999999999
110 501 4 4.99999999999999
111 496 6 4.99999999999999
111 491 8 4.99999999999999
112 486 10 4.99999999999999
113 481 12 4.99999999999999
114 477 14 4.99999999999999
115 472 16 4.99999999999999
117 467 18 4.99999999999999
118 462 20 4.99999999999999
120 457 22 4.99999999999999
122 453 24 4.99999999999999
124 448 26 4.99999999999999
126 444 28 4.99999999999999
128 439 30 4.99999999999999
131 435 32 4.99999999999999
133 431 34 4.99999999999999
136 427 36 4.99999999999999
139 423 36 4.99999999999999
142 419 36 4.99999999999999
145 414 36 4.99999999999999
148 410 36 4.99999999999999
151 406 36 4.99999999999999
154 402 36 4.99999999999999
157 398 36 4.99999999999999
160 394 36 4.99999999999999
163 390 36 4.99999999999999
166 386 36 4.99999999999999
169 382 36 4.99999999999999
171 378 36 4.99999999999999
174 374 36 4.99999999999999
177 370 36 4.99999999999999
180 366 36 4.99999999999999
183 362 36 4.99999999999999
186 358 36 4.99999999999999
189 354 36 4.99999999999999
192 350 36 4.99999999999999
195 346 36 4.99999999999999
198 342 36 4.99999999999999
201 338 36 4.99999999999999
204 334 36 4.99999999999999
207 330 36 4.99999999999999
210 325 36 4.99999999999999
213 321 36 4.99999999999999
216 317 36 4.99999999999999
218 313 36 4.99999999999999
221 309 36 4.99999999999999
224 305 36 4.99999999999999
227 301 38 4.99999999999999
230 297 40 4.99999999999999
234 293 42 4.99999999999999
237 290 44 4.99999999999999
240 286 46 4.99999999999999
244 283 48 4.99999999999999
248 279 50 4.99999999999999
252 276 52 4.99999999999999
256 273 54 4.99999999999999
260 270 56 4.99999999999999
264 267 58 4.99999999999999
268 265 60 4.99999999999999
272 262 62 4.99999999999999
277 260 64 4.99999999999999
281 258 66 4.99999999999999
286 256 68 4.99999999999999
290 254 70 4.99999999999999
295 252 72 4.99999999999999
300 250 74 4.99999999999999
305 249 76 4.99999999999999
309 248 78 4.99999999999999
314 247 80 4.99999999999999
319 246 82 4.99999999999999
324 245 84 4.99999999999999
329 245 86 4.99999999999999
334 244 88 4.99999999999999
339 244 90 4.99999999999999
344 244 92 4.99999999999999
349 244 94 4.99999999999999
354 245 96 4.99999999999999
359 245 96 4.99999999999999
364 246 96 4.99999999999999
369 246 96 4.99999999999999
374 247 96 4.99999999999999
379 247 96 4.99999999999999
384 248 96 4.99999999999999
389 248 96 4.99999999999999
394 249 96 4.99999999999999
399 249 96 4.99999999999999
404 250 96 4.99999999999999
409 250 96 5.04999999999999
414 251 96 5.09999999999999
419 252 96 5.14999999999999
424 252 96 5.1999999999999895
429 253 96 5.249999999999989
435 253 96 5.299999999999989
440 254 96 5.349999999999989
445 254 96 5.399999999999989
450 255 96 5.449999999999989
456 255 96 5.4999999999999885
461 256 96 5.549999999999988
467 257 96 5.599999999999988
472 257 96 5.649999999999988
478 258 96 5.649999999999988
484 258 96 5.649999999999988
489 259 96 5.649999999999988
495 260 96 5.649999999999988
501 260 96 5.649999999999988
506 261 96 5.649999999999988
512 261 96 5.649999999999988
517 262 96 5.649999999999988
523 262 96 5.649999999999988
529 263 96 5.649999999999988
534 264 96 5.649999999999988
540 264 94 5.649999999999988
546 265 92 5.649999999999988
551 265 90 5.649999999999988
557 265 88 5.649999999999988
562 265 86 5.649999999999988
568 264 84 5.649999999999988
574 264 82 5.649999999999988
579 263 80 5.649999999999988
585 262 78 5.649999999999988
590 261 76 5.649999999999988
596 259 74 5.649999999999988
601 258 72 5.649999999999988
607 256 72 5.649999999999988
612 254 72 5.649999999999988
617 253 72 5.649999999999988
623 251 72 5.649999999999988
628 249 72 5.649999999999988
634 247 72 5.649999999999988
639 246 72 5.649999999999988
644 244 72 5.649999999999988
650 242 72 5.649999999999988
655 240 72 5.649999999999988
660 239 72 5.649999999999988
666 237 72 5.649999999999988
671 235 72 5.649999999999988
677 233 72 5.649999999999988
682 232 74 5.649999999999988
687 230 76 5.649999999999988
693 229 78 5.649999999999988
698 227 80 5.649999999999988
704 227 82 5.649999999999988
710 226 84 5.649999999999988
715 225 86 5.649999999999988
721 225 86 5.649999999999988
726 224 86 5.649999999999988
732 224 86 5.649999999999988
738 224 86 5.649999999999988
743 223 86 5.649999999999988
749 223 86 5.649999999999988
755 222 86 5.649999999999988
760 222 86 5.649999999999988
766 222 86 5.649999999999988
771 221 86 5.649999999999988
777 221 86 5.649999999999988
783 220 86 5.649999999999988
788 220 86 5.649999999999988
794 220 86 5.649999999999988
800 219 86 5.649999999999988
805 219 86 5.649999999999988
811 218 86 5.649999999999988
817 218 86 5.649999999999988
822 218 88 5.649999999999988
828 217 90 5.649999999999988
834 217 92 5.649999999999988
839 218 94 5.649999999999988
845 218 96 5.649999999999988
850 219 98 5.649999999999988
856 219 100 5.649999999999988
862 220 102 5.649999999999988
867 222 104 5.649999999999988
873 223 106 5.649999999999988
878 224 108 5.649999999999988
883 226 110 5.649999999999988
889 228 112 5.649999999999988
894 230 114 5.649999999999988
899 233 116 5.649999999999988
904 235 118 5.649999999999988
909 238 120 5.649999999999988
914 241 122 5.649999999999988
919 244 124 5.649999999999988
924 247 126 5.649999999999988
928 250 128 5.649999999999988
933 253 130 5.649999999999988
937 257 132 5.649999999999988
941 261 134 5.649999999999988
945 265 136 5.649999999999988
949 269 138 5.649999999999988
953 273 140 5.649999999999988
956 277 142 5.649999999999988
960 282 144 5.649999999999988
963 286 146 5.649999999999988
966 291 148 5.649999999999988
969 296 150 5.649999999999988
972 301 152 5.649999999999988
975 306 154 5.649999999999988
977 311 156 5.649999999999988
980 316 158 5.649999999999988
982 321 160 5.649999999999988
984 327 162 5.649999999999988
985 332 164 5.649999999999988
987 337 166 5.649999999999988
988 343 168 5.649999999999988
990 348 170 5.649999999999988
991 354 172 5.649999999999988
991 360 174 5.649999999999988
992 365 176 5.649999999999988
992 371 178 5.649999999999988
993 376 180 5.649999999999988
993 382 180 5.649999999999988
993 388 180 5.649999999999988
993 393 180 5.649999999999988
993 399 180 5.649999999999988
993 405 180 5.649999999999988
993 410 180 5.649999999999988
993 416 180 5.649999999999988
993 422 180 5.649999999999988
993 427 180 5.649999999999988
993 433 180 5.649999999999988
993 439 180 5.649999999999988
993 444 180 5.649999999999988
993 450 180 5.649999999999988
993 456 180 5.649999999999988
993 461 180 5.649999999999988
993 467 180 5.649999999999988
993 473 180 5.649999999999988
993 478 180 5.649999999999988
993 484 180 5.649999999999988
993 489 180 5.649999999999988
993 495 180 5.649999999999988
993 501 180 5.649999999999988
993 506 180 5.649999999999988
993 512 180 5.649999999999988
993 518 180 5.649999999999988
993 523 180 5.649999999999988
993 529 180 5.649999999999988
993 535 180 5.649999999999988
993 540 180 5.649999999999988
993 546 180 5.649999999999988
993 552 180 5.649999999999988
993 557 180 5.649999999999988
993 563 182 5.649999999999988
992 569 184 5.649999999999988
992 574 186 5.649999999999988
991 580 188 5.649999999999988
991 585 190 5.649999999999988
990 591 192 5.649999999999988
988 597 194 5.649999999999988
987 602 196 5.649999999999988
985 607 198 5.649999999999988
984 613 200 5.649999999999988
982 618 202 5.649999999999988
980 623 204 5.649999999999988
977 628 206 5.649999999999988
975 634 208 5.649999999999988
972 639 210 5.649999999999988
969 643 212 5.649999999999988
966 648 214 5.649999999999988
963 653 216 5.649999999999988
960 658 218 5.649999999999988
956 662 220 5.649999999999988
953 666 222 5.649999999999988
949 670 224 5.649999999999988
945 675 226 5.649999999999988
941 678 228 5.649999999999988
937 682 230 5.649999999999988
933 686 232 5.649999999999988
928 689 234 5.649999999999988
924 693 236 5.649999999999988
919 696 238 5.649999999999988
914 699 240 5.649999999999988
909 702 242 5.649999999999988
904 704 244 5.649999999999988
899 707 246 5.649999999999988
894 709 248 5.649999999999988
889 711 250 5.649999999999988
883 713 252 5.649999999999988
878 715 254 5.649999999999988
873 716 256 5.649999999999988
867 718 258 5.649999999999988
862 719 260 5.649999999999988
856 720 262 5.649999999999988
850 721 264 5.649999999999988
845 721 266 5.649999999999988
839 722 268 5.649999999999988
834 722 268 5.649999999999988
828 722 268 5.649999999999988
822 722 268 5.649999999999988
817 723 268 5.649999999999988
811 723 268 5.649999999999988
805 723 268 5.649999999999988
800 723 268 5.649999999999988
794 723 268 5.649999999999988
788 724 268 5.649999999999988
783 724 268 5.649999999999988
777 724 268 5.649999999999988
771 724 268 5.649999999999988
766 724 268 5.649999999999988
760 725 268 5.649999999999988
754 725 268 5.649999999999988
749 725 268 5.649999999999988
743 725 268 5.649999999999988
738 725 268 5.649999999999988
732 725 268 5.649999999999988
726 726 268 5.649999999999988
721 726 268 5.649999999999988
715 726 268 5.649999999999988
709 726 268 5.649999999999988
704 726 268 5.649999999999988
698 727 268 5.649999999999988
692 727 268 5.649999999999988
687 727 268 5.649999999999988
681 727 268 5.649999999999988
675 727 268 5.649999999999988
670 728 268 5.649999999999988
664 728 268 5.649999999999988
658 728 268 5.649999999999988
653 728 268 5.649999999999988
647 728 268 5.649999999999988
642 729 268 5.649999999999988
636 729 268 5.649999999999988
630 729 268 5.649999999999988
625 729 268 5.649999999999988
619 729 268 5.649999999999988
613 730 268 5.649999999999988
608 730 268 5.649999999999988
602 730 268 5.649999999999988
596 730 268 5.649999999999988
591 730 268 5.649999999999988
585 731 268 5.649999999999988
579 731 268 5.649999999999988
574 731 268 5.649999999999988
568 731 268 5.649999999999988
562 731 268 5.649999999999988
557 732 268 5.649999999999988
551 732 268 5.649999999999988
546 732 268 5.649999999999988
540 732 268 5.649999999999988
534 732 268 5.649999999999988
529 733 268 5.649999999999988
523 733 268 5.649999999999988
517 733 268 5.649999999999988
512 733 268 5.649999999999988
506 733 268 5.649999999999988
500 734 268 5.649999999999988
495 734 268 5.649999999999988
489 734 268 5.649999999999988
483 734 268 5.649999999999988
478 734 268 5.649999999999988
472 735 268 5.649999999999988
466 735 268 5.649999999999988
461 735 268 5.649999999999988
455 735 268 5.649999999999988
450 735 268 5.649999999999988
444 736 270 5.649999999999988
438 736 272 5.649999999999988
433 735 274 5.649999999999988
427 735 276 5.649999999999988
421 734 278 5.649999999999988
416 734 280 5.649999999999988
410 733 282 5.649999999999988
405 731 284 5.649999999999988
399 730 286 5.649999999999988
394 729 288 5.649999999999988
388 727 288 5.649999999999988
383 725 288 5.649999999999988
378 723 288 5.649999999999988
372 722 288 5.649999999999988
367 720 288 5.649999999999988
362 718 288 5.649999999999988
356 716 288 5.649999999999988
351 715 288 5.649999999999988
345 713 288 5.649999999999988
340 711 288 5.649999999999988
335 709 288 5.649999999999988
329 708 288 5.649999999999988
324 706 288 5.649999999999988
319 704 288 5.649999999999988
313 702 288 5.649999999999988
308 701 288 5.649999999999988
302 699 288 5.649999999999988
297 697 288 5.649999999999988
292 695 290 5.649999999999988
286 693 292 5.649999999999988
281 691 294 5.649999999999988
276 689 296 5.649999999999988
271 687 298 5.649999999999988
266 684 300 5.649999999999988
261 681 302 5.649999999999988
256 678 304 5.649999999999988
252 675 306 5.649999999999988
247 672 308 5.649999999999988
242 668 310 5.649999999999988
238 664 312 5.649999999999988
234 661 314 5.649999999999988
230 657 316 5.649999999999988
226 653 318 5.649999999999988
222 648 320 5.649999999999988
219 644 322 5.649999999999988
215 640 324 5.649999999999988
212 635 326 5.649999999999988
209 630 328 5.649999999999988
206 626 330 5.649999999999988
203 621 332 5.649999999999988
200 616 334 5.649999999999988
198 611 336 5.649999999999988
195 606 338 5.649999999999988
193 600 340 5.649999999999988
191 595 342 5.649999999999988
190 590 344 5.649999999999988
188 584 346 5.649999999999988
187 579 348 5.649999999999988
185 573 350 5.649999999999988
184 568 352 5.649999999999988
184 562 354 5.649999999999988
183 556 356 5.649999999999988
183 551 358 5.649999999999988
183 545 0 5.649999999999988
183 539 2 5.649999999999988
183 534 4 5.649999999999988
183 528 6 5.649999999999988
184 523 6 5.649999999999988
184 517 6 5.649999999999988
185 511 6 5.649999999999988
185 506 6 5.649999999999988
186 500 6 5.649999999999988
187 494 6 5.649999999999988
187 489 6 5.649999999999988
188 483 6 5.649999999999988
188 478 6 5.649999999999988
189 472 6 5.649999999999988
190 466 6 5.649999999999988
190 461 6 5.649999999999988
191 455 6 5.649999999999988
191 450 6 5.649999999999988
192 444 6 5.649999999999988
193 438 6 5.649999999999988
193 433 6 5.649999999999988
194 427 6 5.649999999999988
194 421 6 5.649999999999988
195 416 6 5.649999999999988
196 410 6 5.649999999999988
196 405 6 5.649999999999988
197 399 6 5.649999999999988
197 393 6 5.649999999999988
198 388 6 5.649999999999988
198 382 6 5.649999999999988
199 376 6 5.649999999999988
200 371 6 5.649999999999988
200 365 6 5.649999999999988
201 360 6 5.649999999999988
201 354 8 5.649999999999988
202 348 10 5.649999999999988
203 343 12 5.649999999999988
204 337 14 5.649999999999988
206 332 16 5.649999999999988
207 326 18 5.649999999999988
209 321 20 5.649999999999988
211 316 22 5.649999999999988
213 310 24 5.649999999999988
215 305 26 5.649999999999988
218 300 28 5.649999999999988
220 295 30 5.649999999999988
223 290 32 5.649999999999988
226 286 34 5.649999999999988
229 281 36 5.649999999999988
233 276 38 5.649999999999988
236 272 40 5.649999999999988
240 268 42 5.649999999999988
244 263 44 5.649999999999988
248 259 46 5.649999999999988
252 255 48 5.649999999999988
256 252 50 5.649999999999988
260 248 52 5.649999999999988
265 244 54 5.649999999999988
269 241 56 5.649999999999988
274 238 58 5.649999999999988
279 235 60 5.649999999999988
284 232 62 5.649999999999988
289 229 64 5.649999999999988
294 227 66 5.649999999999988
299 225 68 5.649999999999988
304 223 70 5.649999999999988
309 221 72 5.649999999999988
315 219 74 5.649999999999988
320 217 76 5.649999999999988
326 216 78 5.649999999999988
331 215 80 5.649999999999988
337 214 82 5.649999999999988
342 213 84 5.649999999999988
348 212 86 5.649999999999988
354 212 88 5.649999999999988
359 212 90 5.649999999999988
365 212 92 5.649999999999988
371 212 92 5.649999999999988
376 212 92 5.649999999999988
382 212 92 5.649999999999988
387 213 92 5.649999999999988
393 213 92 5.649999999999988
399 213 92 5.649999999999988
404 213 92 5.649999999999988
410 213 92 5.649999999999988
416 214 92 5.649999999999988
421 214 92 5.649999999999988
427 214 92 5.649999999999988
433 214 92 5.649999999999988
438 214 92 5.649999999999988
444 215 92 5.649999999999988
450 215 92 5.649999999999988
455 215 92 5.649999999999988
461 215 92 5.649999999999988
467 215 92 5.649999999999988
472 216 92 5.649999999999988
478 216 92 5.649999999999988
483 216 92 5.649999999999988
489 216 92 5.649999999999988
495 216 92 5.649999999999988
500 217 92 5.649999999999988
506 217 92 5.649999999999988
512 217 92 5.649999999999988
517 217 92 5.649999999999988
523 217 92 5.649999999999988
529 218 92 5.649999999999988
534 218 92 5.649999999999988
540 218 92 5.649999999999988
546 218 92 5.649999999999988
551 218 92 5.649999999999988
557 219 92 5.649999999999988
563 219 92 5.649999999999988
568 219 92 5.649999999999988
574 219 92 5.649999999999988
579 219 92 5.649999999999988
585 220 92 5.649999999999988
591 220 92 5.649999999999988
596 220 92 5.649999999999988
602 220 92 5.649999999999988
608 220 92 5.649999999999988
613 221 92 5.649999999999988
619 221 92 5.649999999999988
625 221 92 5.649999999999988
630 221 92 5.649999999999988
636 221 92 5.649999999999988
642 222 92 5.649999999999988
647 222 92 5.649999999999988
653 222 92 5.649999999999988
659 222 92 5.649999999999988
664 222 92 5.649999999999988
670 223 92 5.649999999999988
675 223 92 5.649999999999988
681 223 92 5.649999999999988
687 223 92 5.649999999999988
692 223 92 5.649999999999988
698 223 92 5.649999999999988
704 224 92 5.649999999999988
709 224 92 5.649999999999988
715 224 92 5.649999999999988
721 224 92 5.649999999999988
726 224 92 5.649999999999988
732 225 92 5.649999999999988
738 225 92 5.649999999999988
743 225 92 5.649999999999988
749 225 92 5.649999999999988
755 225 92 5.649999999999988
760 226 92 5.649999999999988
766 226 92 5.649999999999988
771 226 92 5.649999999999988
777 226 92 5.649999999999988
783 226 92 5.649999999999988
788 227 92 5.649999999999988
794 227 92 5.649999999999988
800 227 92 5.649999999999988
805 227 92 5.649999999999988
811 227 92 5.649999999999988
817 228 92 5.649999999999988
822 228 92 5.649999999999988
828 228 92 5.649999999999988
834 228 92 5.649999999999988
839 228 92 5.649999999999988
845 229 92 5.649999999999988
850 229 92 5.649999999999988
856 229 92 5.649999999999988
862 229 92 5.649999999999988
867 229 92 5.649999999999988
873 230 92 5.649999999999988
879 230 92 5.649999999999988
884 230 92 5.649999999999988
890 230 92 5.649999999999988
896 230 92 5.649999999999988
901 231 92 5.649999999999988
907 231 92 5.649999999999988
913 231 92 5.649999999999988
918 231 92 5.649999999999988
924 231 92 5.649999999999988
930 232 92 5.649999999999988
935 232 92 5.649999999999988
941 232 92 5.649999999999988
946 232 92 5.649999999999988
952 232 92 5.649999999999988
958 233 92 5.649999999999988
963 233 92 5.649999999999988
969 233 92 5.649999999999988
975 233 92 5.649999999999988
980 233 92 5.649999999999988
986 234 92 5.649999999999988
992 234 92 5.649999999999988
997 234 92 5.649999999999988
