437 700 270 0
437 700 270 0
437 700 270 0
437 700 270 0
437 700 270 0
437 700 270 0
437 700 270 0
437 700 270 0
437 700 270 0
437 700 270 0
437 700 270 0
437 700 270 0
437 700 270 0
437 700 270 0
437 700 270 0
437 700 270 0.05
436 700 270 0.1
436 700 270 0.15000000000000002
436 700 270 0.2
436 700 270 0.25
436 700 270 0.3
435 700 270 0.35
435 700 270 0.39999999999999997
435 700 270 0.44999999999999996
434 700 270 0.49999999999999994
434 700 270 0.5499999999999999
433 700 270 0.6
433 700 270 0.65
432 700 270 0.7000000000000001
431 700 270 0.7500000000000001
431 700 270 0.8000000000000002
430 700 270 0.8500000000000002
429 700 270 0.9000000000000002
428 700 270 0.9500000000000003
427 700 270 1.0000000000000002
426 700 270 1.0500000000000003
425 700 270 1.1000000000000003
424 700 270 1.1500000000000004
423 700 270 1.2000000000000004
422 700 270 1.2500000000000004
420 700 270 1.3000000000000005
419 700 270 1.3500000000000005
418 700 270 1.4000000000000006
416 700 270 1.4500000000000006
415 700 270 1.5000000000000007
413 700 270 1.5500000000000007
412 700 270 1.6000000000000008
410 700 270 1.6500000000000008
408 700 270 1.7000000000000008
407 700 270 1.7500000000000009
405 700 270 1.800000000000001
403 700 270 1.850000000000001
401 700 270 1.900000000000001
399 700 270 1.950000000000001
398 700 270 2.000000000000001
396 700 270 2.0500000000000007
393 700 270 2.1000000000000005
391 700 270 2.1500000000000004
389 700 270 2.2
387 700 270 2.25
385 700 270 2.3
382 700 270 2.3499999999999996
380 700 270 2.3999999999999995
378 700 270 2.4499999999999993
375 700 270 2.499999999999999
373 700 270 2.549999999999999
370 700 270 2.5999999999999988
368 700 270 2.6499999999999986
365 700 270 2.6999999999999984
362 700 270 2.7499999999999982
360 700 270 2.799999999999998
357 700 270 2.849999999999998
354 700 270 2.8999999999999977
351 700 270 2.9499999999999975
348 700 270 2.9999999999999973
345 700 270 3.049999999999997
342 700 270 3.099999999999997
339 700 270 3.149999999999997
336 700 270 3.1999999999999966
333 700 270 3.2499999999999964
329 700 270 3.2999999999999963
326 700 270 3.349999999999996
323 700 270 3.399999999999996
319 700 270 3.4499999999999957
316 700 272 3.4999999999999956
312 699 274 3.5499999999999954
309 699 276 3.599999999999995
305 699 278 3.649999999999995
302 698 280 3.699999999999995
298 698 282 3.7499999999999947
294 697 284 3.7999999999999945
291 696 286 3.8499999999999943
287 695 288 3.899999999999994
283 694 290 3.949999999999994
279 692 292 3.999999999999994
276 691 294 4.049999999999994
272 689 296 4.099999999999993
268 687 298 4.149999999999993
265 685 300 4.199999999999993
261 683 302 4.249999999999993
257 681 304 4.299999999999993
254 679 306 4.3499999999999925
250 676 308 4.399999999999992
247 673 310 4.449999999999992
243 671 312 4.499999999999992
240 668 314 4.549999999999992
237 664 316 4.599999999999992
234 661 318 4.6499999999999915
231 658 320 4.699999999999991
227 654 322 4.749999999999991
225 650 324 4.799999999999991
222 646 326 4.849999999999991
219 642 328 4.899999999999991
216 638 330 4.94999999999999
214 634 332 4.99999999999999
212 629 334 5.04999999999999
209 625 336 5.09999999999999
207 620 338 5.14999999999999
205 616 340 5.1999999999999895
204 611 340 5.249999999999989
202 606 340 5.299999999999989
200 601 340 5.349999999999989
198 596 340 5.399999999999989
196 591 340 5.449999999999989
194 585 340 5.4999999999999885
193 580 340 5.549999999999988
191 575 340 5.599999999999988
189 570 340 5.649999999999988
187 565 342 5.699999999999988
185 559 344 5.749999999999988
183 554 346 5.799999999999987
182 548 348 5.849999999999987
181 542 350 5.899999999999987
180 536 352 5.949999999999987
179 531 352 5.999999999999987
178 525 352 6.0499999999999865
177 519 352 6.099999999999986
176 513 352 6.149999999999986
176 506 352 6.199999999999986
175 500 352 6.249999999999986
174 494 352 6.299999999999986
173 488 354 6.349999999999985
172 482 356 6.399999999999985
172 475 358 6.449999999999985
172 469 0 6.499999999999985
172 462 2 6.549999999999985
172 456 4 6.5999999999999845
172 449 6 6.649999999999984
173 443 8 6.699999999999984
174 436 10 6.749999999999984
175 429 12 6.799999999999984
177 423 14 6.849999999999984
178 416 16 6.8999999999999835
180 409 18 6.949999999999983
182 403 20 6.999999999999983
185 396 20 7.049999999999983
187 389 20 7.099999999999983
190 383 20 7.149999999999983
192 376 20 7.199999999999982
194 369 20 7.249999999999982
197 363 20 7.299999999999982
199 356 20 7.299999999999982
202 349 20 7.299999999999982
204 342 20 7.299999999999982
207 335 20 7.349999999999982
209 328 22 7.399999999999982
212 321 24 7.4499999999999815
215 314 26 7.499999999999981
219 308 28 7.549999999999981
222 301 30 7.599999999999981
226 295 32 7.649999999999981
230 288 34 7.699999999999981
234 282 36 7.7499999999999805
239 275 38 7.79999999999998
244 269 40 7.84999999999998
249 263 42 7.89999999999998
254 257 44 7.89999999999998
259 252 46 7.94999999999998
265 246 48 7.99999999999998
271 241 50 8.04999999999998
277 236 52 8.09999999999998
284 231 54 8.14999999999998
290 226 56 8.199999999999982
297 221 58 8.249999999999982
304 217 60 8.299999999999983
311 213 62 8.349999999999984
319 209 64 8.349999999999984
326 205 66 8.349999999999984
334 202 68 8.399999999999984
341 199 70 8.449999999999985
349 196 72 8.499999999999986
358 193 74 8.549999999999986
366 191 76 8.599999999999987
374 189 78 8.649999999999988
383 187 80 8.699999999999989
391 185 82 8.74999999999999
400 184 82 8.79999999999999
408 183 82 8.84999999999999
417 182 82 8.899999999999991
426 180 82 8.899999999999991
435 179 82 8.899999999999991
444 178 82 8.899999999999991
452 177 82 8.899999999999991
461 175 82 8.899999999999991
470 174 84 8.899999999999991
479 173 86 8.949999999999992
488 173 88 8.999999999999993
497 172 90 9.049999999999994
506 172 92 9.099999999999994
515 173 94 9.149999999999995
524 173 94 9.199999999999996
533 174 96 9.199999999999996
542 175 98 9.199999999999996
552 176 100 9.199999999999996
561 178 102 9.199999999999996
570 180 104 9.199999999999996
579 182 106 9.199999999999996
587 184 106 9.199999999999996
596 187 106 9.199999999999996
605 190 106 9.199999999999996
614 192 106 9.199999999999996
623 195 106 9.199999999999996
632 197 106 9.199999999999996
640 200 106 9.199999999999996
649 202 106 9.199999999999996
658 205 104 9.199999999999996
667 207 102 9.199999999999996
676 209 100 9.199999999999996
685 210 98 9.199999999999996
694 212 96 9.199999999999996
703 213 94 9.199999999999996
713 213 94 9.199999999999996
722 214 94 9.199999999999996
731 215 94 9.199999999999996
740 215 94 9.199999999999996
749 216 94 9.199999999999996
758 217 94 9.249999999999996
768 217 94 9.299999999999997
777 218 94 9.349999999999998
786 219 94 9.399999999999999
796 219 94 9.45
805 220 94 9.45
815 221 94 9.45
824 221 94 9.45
833 222 94 9.45
843 222 96 9.45
852 223 98 9.45
862 225 100 9.45
871 226 102 9.45
880 228 104 9.45
889 231 106 9.45
898 233 108 9.45
907 236 110 9.45
916 239 112 9.45
925 243 114 9.45
934 247 116 9.45
942 251 118 9.45
950 255 120 9.45
959 260 122 9.45
967 265 124 9.45
975 270 126 9.45
982 276 128 9.45
990 282 130 9.45
997 288 132 9.45
1004 294 134 9.45
1011 301 136 9.45
1017 308 138 9.45
1024 315 140 9.45
1030 322 142 9.45
1035 329 144 9.45
1041 337 146 9.45
1046 345 148 9.45
1051 353 150 9.45
1056 361 152 9.45
1060 369 154 9.45
1065 378 156 9.45
1068 386 158 9.45
1072 395 160 9.45
1075 404 162 9.45
1078 413 164 9.35
1081 422 166 9.25
1083 431 168 9.15
1085 440 170 9.05
1086 449 172 8.950000000000001
1088 458 174 8.850000000000001
1089 467 176 8.750000000000002
1089 475 178 8.650000000000002
1090 484 180 8.550000000000002
1090 492 182 8.450000000000003
1089 501 184 8.350000000000003
1089 509 186 8.250000000000004
1088 517 188 8.150000000000004
1087 525 190 8.050000000000004
1085 533 192 7.950000000000005
1084 541 194 7.850000000000005
1082 549 196 7.750000000000005
1080 556 198 7.650000000000006
1077 564 198 7.650000000000006
1075 571 198 7.650000000000006
1072 578 198 7.650000000000006
1070 585 198 7.650000000000006
1068 593 198 7.650000000000006
1065 600 198 7.650000000000006
1063 607 198 7.650000000000006
1061 614 198 7.650000000000006
1058 622 200 7.650000000000006
1056 629 202 7.650000000000006
1053 636 204 7.650000000000006
1050 643 206 7.650000000000006
1046 650 208 7.650000000000006
1043 657 210 7.650000000000006
1039 663 212 7.650000000000006
1035 670 214 7.650000000000006
1031 676 216 7.650000000000006
1026 682 218 7.650000000000006
1021 688 220 7.650000000000006
1016 694 222 7.650000000000006
1011 700 224 7.650000000000006
1006 705 226 7.650000000000006
1001 711 228 7.650000000000006
995 716 230 7.650000000000006
989 721 232 7.650000000000006
983 725 234 7.650000000000006
977 730 236 7.650000000000006
970 734 238 7.650000000000006
964 738 240 7.650000000000006
957 742 242 7.650000000000006
951 746 244 7.650000000000006
944 749 246 7.650000000000006
937 752 248 7.650000000000006
930 755 250 7.650000000000006
922 758 252 7.650000000000006
915 760 254 7.650000000000006
908 762 256 7.650000000000006
900 764 258 7.650000000000006
893 766 260 7.650000000000006
885 767 260 7.650000000000006
878 768 260 7.650000000000006
870 770 260 7.650000000000006
863 771 260 7.650000000000006
855 772 260 7.650000000000006
848 774 260 7.650000000000006
840 775 260 7.650000000000006
833 776 260 7.7000000000000055
825 777 260 7.750000000000005
817 779 260 7.800000000000005
810 780 260 7.850000000000005
802 782 260 7.850000000000005
794 783 260 7.850000000000005
787 784 260 7.850000000000005
779 786 260 7.850000000000005
771 787 260 7.900000000000005
763 788 260 7.950000000000005
755 790 260 8.000000000000005
748 791 260 8.050000000000006
740 793 260 8.050000000000006
732 794 262 8.050000000000006
724 795 264 8.050000000000006
716 796 266 8.050000000000006
708 796 268 8.050000000000006
700 797 270 8.050000000000006
692 797 272 8.050000000000006
684 796 274 8.050000000000006
676 796 276 8.050000000000006
668 795 278 8.050000000000006
660 794 280 8.050000000000006
652 793 282 8.050000000000006
644 791 284 8.050000000000006
636 789 284 8.050000000000006
628 787 284 8.050000000000006
620 785 284 8.050000000000006
613 783 284 8.050000000000006
605 781 284 8.100000000000007
597 779 284 8.150000000000007
589 777 284 8.200000000000008
581 775 284 8.250000000000009
573 773 284 8.250000000000009
565 771 284 8.250000000000009
557 769 284 8.250000000000009
549 767 284 8.30000000000001
541 765 284 8.35000000000001
533 763 284 8.35000000000001
525 761 284 8.35000000000001
517 759 284 8.35000000000001
508 757 284 8.35000000000001
500 755 284 8.35000000000001
492 753 284 8.35000000000001
484 751 284 8.35000000000001
476 749 284 8.35000000000001
468 747 284 8.35000000000001
460 745 284 8.35000000000001
452 743 284 8.35000000000001
444 741 284 8.35000000000001
436 739 284 8.35000000000001
427 737 284 8.35000000000001
419 735 284 8.35000000000001
411 733 284 8.35000000000001
403 731 284 8.35000000000001
395 729 284 8.35000000000001
387 727 284 8.35000000000001
379 725 284 8.35000000000001
371 723 284 8.35000000000001
363 721 284 8.35000000000001
355 719 284 8.35000000000001
346 717 286 8.35000000000001
338 714 288 8.35000000000001
330 712 290 8.35000000000001
323 709 292 8.35000000000001
315 706 294 8.35000000000001
307 703 296 8.35000000000001
300 699 298 8.35000000000001
292 695 300 8.35000000000001
285 691 302 8.35000000000001
278 686 304 8.35000000000001
271 682 306 8.35000000000001
264 677 308 8.35000000000001
258 672 310 8.35000000000001
251 666 312 8.35000000000001
245 661 314 8.35000000000001
239 655 316 8.35000000000001
233 649 318 8.35000000000001
228 643 320 8.35000000000001
222 636 322 8.35000000000001
217 630 324 8.35000000000001
212 623 326 8.35000000000001
208 616 328 8.35000000000001
203 609 330 8.35000000000001
199 602 332 8.35000000000001
195 594 334 8.35000000000001
192 587 336 8.35000000000001
188 579 338 8.35000000000001
185 571 340 8.35000000000001
182 564 342 8.35000000000001
180 556 344 8.35000000000001
177 548 346 8.35000000000001
175 540 348 8.35000000000001
174 531 350 8.35000000000001
172 523 352 8.35000000000001
171 515 354 8.35000000000001
170 507 356 8.35000000000001
169 498 358 8.35000000000001
169 490 0 8.35000000000001
169 482 2 8.35000000000001
169 473 4 8.35000000000001
170 465 6 8.35000000000001
171 457 8 8.35000000000001
172 448 10 8.35000000000001
174 440 12 8.35000000000001
175 432 12 8.35000000000001
177 424 12 8.35000000000001
179 416 12 8.35000000000001
180 407 12 8.35000000000001
182 399 12 8.35000000000001
184 391 14 8.35000000000001
186 383 16 8.35000000000001
188 375 18 8.35000000000001
191 367 20 8.35000000000001
194 359 22 8.35000000000001
197 351 24 8.35000000000001
200 344 26 8.35000000000001
204 336 28 8.35000000000001
208 329 30 8.35000000000001
212 322 32 8.35000000000001
216 315 34 8.35000000000001
221 308 36 8.35000000000001
226 301 38 8.35000000000001
231 294 40 8.35000000000001
237 288 42 8.35000000000001
242 282 44 8.35000000000001
248 276 46 8.35000000000001
254 270 48 8.35000000000001
260 264 50 8.35000000000001
267 259 52 8.35000000000001
273 254 54 8.35000000000001
280 249 56 8.35000000000001
287 244 58 8.35000000000001
294 240 60 8.35000000000001
301 236 62 8.35000000000001
308 232 64 8.35000000000001
316 228 66 8.35000000000001
324 225 68 8.35000000000001
331 222 70 8.35000000000001
339 219 72 8.35000000000001
347 216 72 8.35000000000001
355 214 72 8.35000000000001
363 211 72 8.35000000000001
371 208 72 8.35000000000001
379 206 72 8.35000000000001
387 203 72 8.35000000000001
395 201 72 8.35000000000001
403 198 72 8.35000000000001
411 195 72 8.35000000000001
419 193 72 8.35000000000001
427 190 72 8.35000000000001
434 188 72 8.35000000000001
442 185 74 8.35000000000001
450 183 76 8.35000000000001
459 181 78 8.35000000000001
467 179 80 8.35000000000001
475 178 82 8.35000000000001
483 176 84 8.35000000000001
491 176 86 8.35000000000001
500 175 88 8.35000000000001
508 175 90 8.35000000000001
517 175 90 8.35000000000001
525 175 90 8.35000000000001
533 175 90 8.35000000000001
542 175 90 8.35000000000001
550 175 90 8.35000000000001
558 175 90 8.35000000000001
567 175 90 8.35000000000001
575 175 92 8.35000000000001
583 175 94 8.35000000000001
592 176 96 8.35000000000001
600 176 98 8.35000000000001
608 178 98 8.35000000000001
616 179 98 8.35000000000001
625 180 98 8.35000000000001
633 181 98 8.35000000000001
641 182 98 8.35000000000001
650 183 98 8.35000000000001
658 185 98 8.35000000000001
666 186 98 8.35000000000001
674 187 98 8.35000000000001
683 188 98 8.35000000000001
691 189 98 8.35000000000001
699 190 98 8.35000000000001
707 192 98 8.35000000000001
716 193 98 8.35000000000001
724 194 98 8.35000000000001
732 195 98 8.35000000000001
741 196 98 8.35000000000001
749 197 98 8.35000000000001
757 199 98 8.35000000000001
765 200 98 8.35000000000001
774 201 98 8.35000000000001
782 202 98 8.35000000000001
790 203 98 8.35000000000001
798 204 100 8.35000000000001
807 206 102 8.35000000000001
815 208 104 8.35000000000001
823 210 106 8.35000000000001
831 212 108 8.35000000000001
839 214 110 8.35000000000001
847 217 112 8.35000000000001
854 220 114 8.35000000000001
862 224 116 8.35000000000001
870 227 118 8.35000000000001
877 231 120 8.35000000000001
884 236 122 8.35000000000001
891 240 124 8.35000000000001
898 245 126 8.35000000000001
905 250 128 8.35000000000001
912 255 130 8.35000000000001
918 260 132 8.35000000000001
924 266 134 8.35000000000001
930 271 136 8.35000000000001
936 277 138 8.35000000000001
942 284 140 8.35000000000001
947 290 142 8.35000000000001
952 297 144 8.35000000000001
957 303 146 8.35000000000001
962 310 148 8.35000000000001
966 317 150 8.35000000000001
970 325 152 8.35000000000001
974 332 154 8.35000000000001
978 340 156 8.35000000000001
981 347 158 8.35000000000001
984 355 160 8.35000000000001
987 363 162 8.35000000000001
990 371 164 8.35000000000001
992 379 166 8.35000000000001
994 387 168 8.35000000000001
996 395 170 8.35000000000001
997 403 172 8.35000000000001
998 411 174 8.35000000000001
999 420 176 8.35000000000001
1000 428 178 8.35000000000001
1000 436 178 8.35000000000001
1000 445 178 8.35000000000001
1001 453 178 8.35000000000001
1001 461 178 8.35000000000001
1001 470 178 8.35000000000001
1002 478 178 8.35000000000001
1002 487 178 8.35000000000001
1002 495 178 8.35000000000001
1002 503 178 8.35000000000001
1003 512 178 8.35000000000001
1003 520 178 8.35000000000001
1003 528 178 8.35000000000001
1004 537 178 8.35000000000001
1004 545 178 8.35000000000001
1004 553 180 8.35000000000001
1004 562 182 8.35000000000001
1004 570 184 8.35000000000001
1003 578 186 8.35000000000001
1002 587 188 8.35000000000001
1001 595 190 8.35000000000001
1000 603 192 8.35000000000001
998 611 194 8.35000000000001
996 619 196 8.35000000000001
994 627 198 8.35000000000001
991 635 200 8.35000000000001
988 643 202 8.35000000000001
985 651 204 8.35000000000001
982 659 206 8.35000000000001
978 666 208 8.35000000000001
974 673 210 8.35000000000001
970 681 212 8.35000000000001
966 688 214 8.35000000000001
961 695 216 8.35000000000001
956 701 218 8.35000000000001
951 708 220 8.35000000000001
946 714 222 8.35000000000001
940 721 224 8.35000000000001
934 727 226 8.35000000000001
928 732 228 8.35000000000001
922 738 230 8.35000000000001
916 743 232 8.35000000000001
909 748 234 8.35000000000001
902 753 236 8.35000000000001
895 758 238 8.35000000000001
888 763 240 8.35000000000001
881 767 242 8.35000000000001
874 771 244 8.35000000000001
866 774 246 8.35000000000001
859 778 248 8.35000000000001
851 781 250 8.35000000000001
843 784 252 8.35000000000001
835 786 254 8.35000000000001
827 789 256 8.35000000000001
819 791 258 8.35000000000001
811 792 260 8.35000000000001
802 794 262 8.35000000000001
794 795 264 8.35000000000001
786 796 266 8.35000000000001
778 796 268 8.35000000000001
769 797 270 8.35000000000001
761 797 272 8.35000000000001
753 796 274 8.35000000000001
744 796 276 8.35000000000001
736 795 278 8.35000000000001
728 794 280 8.35000000000001
719 792 282 8.35000000000001
711 791 284 8.35000000000001
703 789 286 8.35000000000001
695 786 288 8.35000000000001
687 784 288 8.35000000000001
679 781 286 8.35000000000001
671 779 284 8.35000000000001
663 777 282 8.35000000000001
655 775 280 8.35000000000001
647 774 280 8.35000000000001
638 772 280 8.35000000000001
630 771 280 8.35000000000001
622 769 280 8.35000000000001
614 768 280 8.35000000000001
606 766 280 8.35000000000001
597 765 280 8.35000000000001
589 763 280 8.35000000000001
581 762 280 8.35000000000001
573 761 278 8.35000000000001
564 759 276 8.35000000000001
556 758 274 8.35000000000001
548 758 274 8.35000000000001
539 757 274 8.35000000000001
531 757 274 8.35000000000001
523 756 274 8.35000000000001
514 756 274 8.35000000000001
506 755 274 8.35000000000001
498 754 274 8.35000000000001
489 754 274 8.35000000000001
481 753 274 8.35000000000001
473 753 274 8.35000000000001
465 752 274 8.35000000000001
456 751 274 8.35000000000001
448 751 274 8.35000000000001
440 750 274 8.35000000000001
431 750 274 8.35000000000001
423 749 274 8.35000000000001
415 749 274 8.35000000000001
406 748 274 8.35000000000001
398 747 274 8.35000000000001
390 747 276 8.35000000000001
381 746 278 8.35000000000001
373 745 280 8.35000000000001
365 743 282 8.35000000000001
357 742 284 8.35000000000001
348 740 286 8.35000000000001
340 737 288 8.35000000000001
333 735 290 8.35000000000001
325 732 292 8.35000000000001
317 729 294 8.35000000000001
309 725 296 8.35000000000001
302 722 298 8.35000000000001
294 718 300 8.35000000000001
287 714 302 8.35000000000001
280 709 304 8.35000000000001
273 704 306 8.35000000000001
266 700 308 8.35000000000001
260 694 310 8.35000000000001
253 689 312 8.35000000000001
247 683 314 8.35000000000001
241 678 316 8.35000000000001
235 672 318 8.35000000000001
230 665 320 8.35000000000001
224 659 322 8.35000000000001
219 652 324 8.35000000000001
214 646 326 8.35000000000001
210 639 328 8.35000000000001
205 632 330 8.35000000000001
201 624 332 8.35000000000001
197 617 334 8.35000000000001
194 610 336 8.35000000000001
190 602 338 8.35000000000001
187 594 340 8.35000000000001
184 586 342 8.35000000000001
182 578 344 8.35000000000001
179 570 346 8.35000000000001
177 562 348 8.35000000000001
176 554 350 8.35000000000001
174 546 352 8.35000000000001
173 538 354 8.35000000000001
172 529 356 8.35000000000001
171 521 358 8.35000000000001
171 513 0 8.35000000000001
171 504 2 8.35000000000001
171 496 4 8.35000000000001
172 488 6 8.35000000000001
173 479 8 8.35000000000001
174 471 10 8.35000000000001
176 463 12 8.35000000000001
177 455 14 8.35000000000001
179 447 16 8.35000000000001
182 439 18 8.35000000000001
184 431 20 8.35000000000001
187 423 22 8.35000000000001
190 415 24 8.35000000000001
194 407 26 8.35000000000001
197 400 28 8.35000000000001
201 393 30 8.35000000000001
205 385 32 8.35000000000001
210 378 34 8.35000000000001
214 371 36 8.35000000000001
219 365 38 8.35000000000001
224 358 40 8.35000000000001
230 352 42 8.35000000000001
235 345 44 8.35000000000001
241 339 46 8.35000000000001
247 334 48 8.35000000000001
253 328 50 8.35000000000001
260 323 52 8.35000000000001
266 317 54 8.35000000000001
273 313 56 8.35000000000001
280 308 58 8.35000000000001
287 303 60 8.25000000000001
294 299 60 8.150000000000011
301 295 60 8.050000000000011
308 291 60 7.950000000000012
315 287 60 7.850000000000012
322 283 60 7.750000000000012
329 279 60 7.650000000000013
335 276 60 7.650000000000013
342 272 60 7.650000000000013
349 268 62 7.650000000000013
355 264 64 7.650000000000013
362 261 66 7.650000000000013
369 258 68 7.650000000000013
376 255 70 7.650000000000013
384 252 72 7.650000000000013
391 250 74 7.650000000000013
398 248 76 7.650000000000013
406 246 78 7.650000000000013
413 245 78 7.650000000000013
421 243 78 7.650000000000013
428 241 78 7.650000000000013
436 240 78 7.650000000000013
443 238 78 7.650000000000013
450 237 78 7.650000000000013
458 235 78 7.650000000000013
465 233 78 7.650000000000013
473 232 78 7.650000000000013
480 230 80 7.650000000000013
488 229 82 7.650000000000013
496 228 84 7.650000000000013
503 227 86 7.650000000000013
511 226 88 7.650000000000013
518 226 90 7.650000000000013
526 226 90 7.650000000000013
534 226 90 7.650000000000013
541 226 90 7.650000000000013
549 226 90 7.650000000000013
557 226 90 7.650000000000013
564 226 90 7.700000000000013
572 226 90 7.750000000000012
580 226 90 7.800000000000012
588 226 90 7.850000000000012
595 226 90 7.850000000000012
603 226 90 7.850000000000012
611 226 90 7.850000000000012
619 226 90 7.850000000000012
627 226 90 7.850000000000012
635 226 90 7.900000000000012
643 226 90 7.950000000000012
650 226 90 8.000000000000012
658 226 90 8.050000000000013
667 226 90 8.100000000000014
675 226 90 8.100000000000014
683 226 90 8.100000000000014
691 226 90 8.100000000000014
699 226 90 8.150000000000015
707 226 90 8.200000000000015
715 226 90 8.250000000000016
724 226 90 8.300000000000017
732 226 90 8.350000000000017
740 226 90 8.350000000000017
749 226 90 8.350000000000017
757 226 90 8.350000000000017
765 226 90 8.350000000000017
774 226 90 8.350000000000017
782 226 92 8.350000000000017
790 227 94 8.350000000000017
799 227 96 8.350000000000017
807 228 98 8.350000000000017
815 229 100 8.350000000000017
823 231 102 8.350000000000017
832 232 104 8.350000000000017
840 234 106 8.350000000000017
848 237 108 8.350000000000017
856 239 110 8.350000000000017
864 242 112 8.350000000000017
871 245 114 8.350000000000017
879 249 116 8.350000000000017
886 252 118 8.350000000000017
894 256 120 8.350000000000017
901 260 122 8.350000000000017
908 265 124 8.350000000000017
915 269 126 8.350000000000017
922 274 128 8.350000000000017
928 279 130 8.350000000000017
935 285 132 8.350000000000017
941 290 134 8.350000000000017
947 296 136 8.350000000000017
953 302 138 8.350000000000017
958 308 140 8.350000000000017
964 315 142 8.350000000000017
969 321 144 8.350000000000017
974 328 146 8.350000000000017
978 335 148 8.350000000000017
983 342 150 8.350000000000017
987 349 152 8.350000000000017
991 357 154 8.350000000000017
995 364 156 8.350000000000017
998 372 158 8.350000000000017
1001 380 160 8.350000000000017
1004 388 162 8.350000000000017
1007 395 164 8.350000000000017
1009 403 166 8.350000000000017
1011 412 168 8.350000000000017
1013 420 170 8.350000000000017
1014 428 172 8.350000000000017
1015 436 174 8.350000000000017
1016 445 176 8.350000000000017
1017 453 178 8.350000000000017
1017 461 178 8.350000000000017
1017 470 178 8.350000000000017
1018 478 178 8.350000000000017
1018 486 178 8.350000000000017
1018 495 178 8.350000000000017
1018 503 178 8.350000000000017
1019 511 180 8.350000000000017
1019 520 182 8.350000000000017
1018 528 184 8.350000000000017
1018 536 186 8.350000000000017
1017 545 188 8.350000000000017
1016 553 190 8.350000000000017
1014 561 190 8.350000000000017
1013 569 190 8.350000000000017
1011 578 190 8.350000000000017
1010 586 190 8.350000000000017
1009 594 192 8.350000000000017
1007 602 194 8.350000000000017
1005 610 196 8.350000000000017
1002 618 198 8.350000000000017
1000 626 200 8.350000000000017
997 634 202 8.350000000000017
994 642 204 8.350000000000017
991 649 206 8.350000000000017
987 657 208 8.350000000000017
983 664 210 8.350000000000017
979 672 212 8.350000000000017
974 679 214 8.350000000000017
970 686 216 8.350000000000017
965 692 218 8.350000000000017
960 699 220 8.350000000000017
954 705 222 8.350000000000017
949 712 224 8.350000000000017
943 718 226 8.350000000000017
937 723 228 8.350000000000017
931 729 230 8.350000000000017
924 734 232 8.350000000000017
918 739 234 8.350000000000017
911 744 236 8.350000000000017
904 749 238 8.350000000000017
897 753 240 8.350000000000017
890 758 242 8.350000000000017
882 762 244 8.350000000000017
875 765 246 8.350000000000017
867 769 248 8.350000000000017
859 772 250 8.350000000000017
852 775 252 8.350000000000017
844 777 254 8.350000000000017
836 779 256 8.350000000000017
828 781 258 8.350000000000017
819 783 260 8.350000000000017
811 785 262 8.350000000000017
803 786 264 8.350000000000017
795 787 266 8.350000000000017
786 787 268 8.350000000000017
778 788 270 8.350000000000017
770 788 270 8.350000000000017
761 788 270 8.350000000000017
753 788 270 8.350000000000017
745 788 270 8.350000000000017
736 788 270 8.350000000000017
728 788 270 8.350000000000017
719 788 270 8.350000000000017
711 788 270 8.350000000000017
703 788 270 8.350000000000017
694 788 270 8.350000000000017
686 788 270 8.350000000000017
678 788 270 8.350000000000017
669 788 270 8.350000000000017
661 788 270 8.350000000000017
653 788 270 8.350000000000017
644 788 270 8.350000000000017
636 788 270 8.350000000000017
628 788 270 8.350000000000017
619 788 270 8.350000000000017
611 788 270 8.350000000000017
603 788 270 8.350000000000017
594 788 270 8.350000000000017
586 788 270 8.350000000000017
578 788 270 8.350000000000017
569 788 270 8.350000000000017
561 788 270 8.350000000000017
552 788 270 8.350000000000017
544 788 270 8.350000000000017
536 788 270 8.350000000000017
527 788 270 8.350000000000017
519 788 270 8.350000000000017
511 788 270 8.350000000000017
502 788 270 8.350000000000017
494 788 270 8.350000000000017
486 788 270 8.350000000000017
477 788 270 8.350000000000017
469 788 270 8.350000000000017
461 788 270 8.350000000000017
452 788 270 8.350000000000017
444 788 270 8.350000000000017
436 788 270 8.350000000000017
427 788 270 8.350000000000017
