537 700 270 0
537 700 270 0
537 700 270 0
537 700 270 0
537 700 270 0
537 700 270 0
537 700 270 0
537 700 270 0
537 700 270 0
537 700 270 0
537 700 270 0
537 700 270 0
537 700 270 0
537 700 270 0
537 700 270 0
537 700 270 0
537 700 270 0
537 700 270 0
537 700 270 0
537 700 270 0
537 700 270 0
537 700 270 0
537 700 270 0
537 700 270 0
537 700 270 0
537 700 270 0
537 700 270 0
537 700 270 0
537 700 270 0
537 700 270 0
537 700 270 0
537 700 270 0
537 700 270 0
537 700 270 0
537 700 270 0
537 700 270 0
537 700 270 0
537 700 270 0
537 700 270 0
537 700 270 0
537 700 270 0
537 700 270 0
537 700 270 0.05
536 700 270 0.1
536 700 270 0.15000000000000002
536 700 270 0.2
536 700 270 0.25
536 700 270 0.3
535 700 270 0.35
535 700 270 0.39999999999999997
535 700 270 0.44999999999999996
534 700 270 0.49999999999999994
534 700 270 0.5499999999999999
533 700 270 0.6
533 700 270 0.65
532 700 270 0.7000000000000001
531 700 270 0.7500000000000001
531 700 270 0.8000000000000002
530 700 270 0.8500000000000002
529 700 270 0.9000000000000002
528 700 270 0.9500000000000003
527 700 270 1.0000000000000002
526 700 270 1.0500000000000003
525 700 270 1.1000000000000003
524 700 270 1.1500000000000004
523 700 270 1.2000000000000004
522 700 270 1.2500000000000004
520 700 270 1.3000000000000005
519 700 270 1.3500000000000005
518 700 270 1.4000000000000006
516 700 270 1.4500000000000006
515 700 270 1.5000000000000007
513 700 270 1.5500000000000007
512 700 270 1.6000000000000008
510 700 270 1.6500000000000008
508 700 270 1.7000000000000008
507 700 270 1.7500000000000009
505 700 270 1.800000000000001
503 700 270 1.850000000000001
501 700 270 1.900000000000001
499 700 270 1.950000000000001
498 700 270 2.000000000000001
496 700 270 2.0500000000000007
493 700 270 2.1000000000000005
491 700 270 2.1500000000000004
489 700 270 2.2
487 700 270 2.25
485 700 270 2.3
482 700 270 2.3499999999999996
480 700 270 2.3999999999999995
478 700 270 2.4499999999999993
475 700 270 2.499999999999999
473 700 270 2.549999999999999
470 700 270 2.5999999999999988
468 700 270 2.6499999999999986
465 700 270 2.6999999999999984
462 700 270 2.7499999999999982
460 700 270 2.799999999999998
457 700 270 2.849999999999998
454 700 270 2.8999999999999977
451 700 270 2.9499999999999975
448 700 270 2.9999999999999973
445 700 270 3.049999999999997
442 700 270 3.099999999999997
439 700 270 3.149999999999997
436 700 270 3.1999999999999966
433 700 272 3.2499999999999964
429 699 274 3.2999999999999963
426 699 276 3.349999999999996
423 699 278 3.399999999999996
419 698 280 3.4499999999999957
416 698 280 3.4999999999999956
412 697 280 3.5499999999999954
409 697 280 3.599999999999995
405 696 280 3.649999999999995
402 695 280 3.699999999999995
398 695 280 3.7499999999999947
394 694 280 3.7999999999999945
391 693 280 3.8499999999999943
387 693 280 3.899999999999994
383 692 280 3.949999999999994
379 691 280 3.999999999999994
375 691 280 4.049999999999994
371 690 280 4.099999999999993
367 689 280 4.149999999999993
363 688 280 4.199999999999993
359 688 280 4.249999999999993
355 687 280 4.299999999999993
351 686 280 4.3499999999999925
346 685 280 4.399999999999992
342 685 280 4.449999999999992
338 684 280 4.499999999999992
333 683 280 4.549999999999992
329 682 280 4.599999999999992
324 682 280 4.6499999999999915
320 681 282 4.699999999999991
315 680 284 4.749999999999991
310 679 286 4.799999999999991
306 677 288 4.849999999999991
301 676 290 4.899999999999991
297 674 292 4.94999999999999
292 672 294 4.99999999999999
287 670 296 5.04999999999999
283 668 298 5.09999999999999
278 666 300 5.14999999999999
274 663 302 5.1999999999999895
269 660 304 5.249999999999989
265 657 306 5.299999999999989
261 654 308 5.349999999999989
257 651 310 5.399999999999989
252 647 312 5.449999999999989
248 644 314 5.4999999999999885
244 640 316 5.549999999999988
241 636 318 5.599999999999988
237 632 320 5.649999999999988
233 628 322 5.699999999999988
230 623 324 5.749999999999988
226 618 326 5.799999999999987
223 614 328 5.849999999999987
220 609 330 5.899999999999987
217 604 332 5.949999999999987
214 598 334 5.999999999999987
212 593 336 6.0499999999999865
209 587 338 6.099999999999986
207 582 340 6.149999999999986
205 576 342 6.199999999999986
203 570 344 6.249999999999986
201 564 346 6.299999999999986
200 558 348 6.349999999999985
198 552 350 6.399999999999985
197 545 352 6.449999999999985
196 539 354 6.499999999999985
196 533 356 6.549999999999985
195 526 358 6.5999999999999845
195 519 0 6.649999999999984
195 513 2 6.699999999999984
195 506 4 6.749999999999984
196 499 4 6.799999999999984
196 493 4 6.849999999999984
197 486 4 6.8999999999999835
197 479 4 6.949999999999983
198 472 4 6.999999999999983
198 465 4 7.049999999999983
198 458 4 7.099999999999983
199 451 4 7.149999999999983
199 444 4 7.199999999999982
200 436 4 7.249999999999982
200 429 4 7.299999999999982
201 422 4 7.349999999999982
202 415 4 7.399999999999982
202 407 6 7.4499999999999815
203 400 8 7.499999999999981
204 392 10 7.549999999999981
205 385 12 7.599999999999981
207 378 14 7.649999999999981
209 370 16 7.699999999999981
211 363 18 7.7499999999999805
213 355 20 7.79999999999998
216 348 22 7.84999999999998
219 341 24 7.89999999999998
222 334 26 7.94999999999998
225 326 28 7.99999999999998
229 319 30 8.04999999999998
233 312 32 8.09999999999998
237 305 34 8.14999999999998
242 299 36 8.199999999999982
247 292 38 8.249999999999982
252 286 40 8.249999999999982
257 279 42 8.249999999999982
263 273 44 8.249999999999982
269 267 46 8.249999999999982
274 261 48 8.249999999999982
281 256 50 8.249999999999982
287 251 52 8.249999999999982
293 246 54 8.249999999999982
300 241 56 8.249999999999982
307 236 58 8.249999999999982
314 232 60 8.249999999999982
321 228 62 8.249999999999982
328 224 64 8.249999999999982
336 220 66 8.249999999999982
343 217 68 8.249999999999982
351 214 70 8.249999999999982
359 211 72 8.249999999999982
367 208 74 8.249999999999982
374 206 76 8.249999999999982
382 204 78 8.249999999999982
391 202 80 8.249999999999982
399 201 82 8.249999999999982
407 200 84 8.249999999999982
415 199 86 8.249999999999982
423 198 88 8.249999999999982
432 198 90 8.249999999999982
440 198 90 8.249999999999982
448 198 90 8.249999999999982
456 198 90 8.299999999999983
465 198 90 8.349999999999984
473 198 90 8.399999999999984
481 198 90 8.449999999999985
490 198 90 8.499999999999986
498 198 90 8.549999999999986
507 198 90 8.599999999999987
515 198 90 8.649999999999988
524 198 90 8.699999999999989
533 198 90 8.74999999999999
542 198 90 8.79999999999999
550 198 90 8.84999999999999
559 198 90 8.899999999999991
568 198 90 8.949999999999992
577 198 90 8.999999999999993
586 198 90 9.049999999999994
595 198 90 9.099999999999994
604 198 90 9.149999999999995
613 198 90 9.199999999999996
623 198 90 9.249999999999996
632 198 90 9.249999999999996
641 198 90 9.249999999999996
650 198 90 9.249999999999996
660 198 90 9.249999999999996
669 198 92 9.249999999999996
678 198 94 9.249999999999996
687 199 96 9.249999999999996
696 200 98 9.249999999999996
706 201 98 9.249999999999996
715 203 98 9.249999999999996
724 204 98 9.249999999999996
733 205 98 9.249999999999996
742 206 98 9.249999999999996
751 208 98 9.249999999999996
761 209 98 9.249999999999996
770 210 98 9.249999999999996
779 212 98 9.249999999999996
788 213 98 9.249999999999996
797 214 98 9.249999999999996
806 215 98 9.249999999999996
816 217 100 9.249999999999996
825 218 102 9.249999999999996
834 220 104 9.249999999999996
843 222 106 9.249999999999996
852 225 108 9.249999999999996
860 228 110 9.249999999999996
869 231 112 9.249999999999996
878 234 114 9.249999999999996
886 238 116 9.249999999999996
894 242 118 9.249999999999996
903 247 120 9.249999999999996
911 251 122 9.249999999999996
918 256 124 9.249999999999996
926 261 126 9.249999999999996
934 267 128 9.249999999999996
941 272 130 9.249999999999996
948 278 132 9.249999999999996
955 285 134 9.249999999999996
961 291 136 9.249999999999996
968 298 138 9.249999999999996
974 305 140 9.249999999999996
980 312 142 9.249999999999996
986 319 144 9.249999999999996
991 326 146 9.249999999999996
996 334 148 9.249999999999996
1001 342 150 9.249999999999996
1006 350 152 9.249999999999996
1010 358 154 9.249999999999996
1014 366 156 9.249999999999996
1018 375 158 9.249999999999996
1021 383 160 9.249999999999996
1025 392 162 9.249999999999996
1027 401 164 9.249999999999996
1030 410 166 9.249999999999996
1032 419 168 9.249999999999996
1034 428 170 9.249999999999996
1036 437 172 9.249999999999996
1037 446 174 9.249999999999996
1038 455 176 9.249999999999996
1039 465 178 9.249999999999996
1039 474 180 9.249999999999996
1039 483 182 9.249999999999996
1039 492 184 9.249999999999996
1038 502 186 9.249999999999996
1037 511 188 9.249999999999996
1036 520 190 9.249999999999996
1034 529 192 9.249999999999996
1032 538 194 9.249999999999996
1030 547 196 9.249999999999996
1027 556 198 9.249999999999996
1025 565 200 9.249999999999996
1021 573 202 9.249999999999996
1018 582 204 9.249999999999996
1014 590 206 9.249999999999996
1010 599 206 9.249999999999996
1006 607 206 9.249999999999996
1002 615 206 9.249999999999996
998 624 206 9.249999999999996
994 632 206 9.249999999999996
990 640 206 9.249999999999996
986 649 206 9.249999999999996
982 657 208 9.249999999999996
977 665 210 9.249999999999996
973 673 212 9.249999999999996
968 681 214 9.249999999999996
963 689 216 9.249999999999996
957 696 218 9.249999999999996
952 703 220 9.249999999999996
946 710 222 9.249999999999996
939 717 224 9.249999999999996
933 724 226 9.299999999999997
926 730 228 9.349999999999998
919 737 230 9.399999999999999
912 743 232 9.45
905 749 234 9.5
897 754 236 9.5
889 759 238 9.5
881 765 240 9.5
873 769 242 9.5
865 774 244 9.55
856 778 246 9.600000000000001
847 782 248 9.650000000000002
838 785 250 9.700000000000003
829 789 252 9.700000000000003
820 792 254 9.700000000000003
811 794 256 9.700000000000003
801 797 258 9.700000000000003
792 799 260 9.700000000000003
782 800 262 9.700000000000003
773 802 264 9.700000000000003
763 803 266 9.700000000000003
753 803 268 9.700000000000003
744 804 270 9.600000000000003
734 804 272 9.500000000000004
724 804 274 9.400000000000004
715 803 276 9.400000000000004
706 802 278 9.400000000000004
696 801 280 9.400000000000004
687 799 282 9.400000000000004
678 797 284 9.400000000000004
669 795 286 9.400000000000004
660 792 288 9.400000000000004
651 789 290 9.400000000000004
642 786 290 9.400000000000004
633 783 290 9.400000000000004
624 780 290 9.400000000000004
615 776 290 9.400000000000004
607 773 290 9.400000000000004
598 770 288 9.400000000000004
589 767 286 9.400000000000004
580 764 284 9.400000000000004
571 762 282 9.400000000000004
562 760 280 9.400000000000004
552 759 278 9.400000000000004
543 757 276 9.400000000000004
534 756 274 9.400000000000004
524 756 272 9.400000000000004
515 755 270 9.400000000000004
505 755 270 9.400000000000004
496 755 270 9.400000000000004
487 755 270 9.400000000000004
477 755 270 9.400000000000004
468 755 270 9.400000000000004
458 755 270 9.400000000000004
449 755 270 9.400000000000004
440 755 270 9.400000000000004
430 755 270 9.400000000000004
421 755 270 9.400000000000004
411 755 270 9.400000000000004
402 755 270 9.400000000000004
393 755 270 9.400000000000004
383 755 270 9.400000000000004
374 755 272 9.400000000000004
364 755 274 9.400000000000004
355 754 276 9.400000000000004
346 753 278 9.400000000000004
336 752 280 9.400000000000004
327 750 282 9.400000000000004
318 748 284 9.400000000000004
309 746 286 9.400000000000004
300 744 288 9.400000000000004
291 741 290 9.400000000000004
282 737 292 9.400000000000004
273 734 294 9.400000000000004
265 730 296 9.400000000000004
256 726 298 9.400000000000004
248 722 300 9.400000000000004
240 717 302 9.400000000000004
232 712 304 9.400000000000004
224 707 306 9.400000000000004
216 701 308 9.400000000000004
209 695 310 9.400000000000004
202 689 312 9.400000000000004
195 683 314 9.400000000000004
188 676 316 9.400000000000004
182 670 318 9.400000000000004
175 663 320 9.400000000000004
169 656 322 9.400000000000004
163 648 324 9.400000000000004
158 640 326 9.400000000000004
153 633 328 9.400000000000004
148 625 330 9.400000000000004
143 617 332 9.400000000000004
139 608 334 9.400000000000004
134 600 336 9.400000000000004
131 591 338 9.400000000000004
127 583 340 9.400000000000004
124 574 342 9.400000000000004
121 565 344 9.400000000000004
118 556 346 9.400000000000004
116 547 348 9.400000000000004
114 537 350 9.400000000000004
113 528 352 9.400000000000004
111 519 354 9.400000000000004
110 510 356 9.400000000000004
110 500 358 9.400000000000004
109 491 0 9.300000000000004
109 481 2 9.200000000000005
110 472 4 9.200000000000005
110 463 6 9.200000000000005
111 454 8 9.200000000000005
112 445 10 9.200000000000005
114 436 12 9.200000000000005
116 427 14 9.200000000000005
118 418 16 9.200000000000005
121 409 18 9.200000000000005
124 400 20 9.200000000000005
127 392 22 9.200000000000005
130 383 24 9.200000000000005
134 375 26 9.200000000000005
138 366 28 9.200000000000005
142 358 30 9.200000000000005
147 350 32 9.200000000000005
152 342 34 9.200000000000005
157 335 36 9.200000000000005
162 327 38 9.200000000000005
168 320 40 9.200000000000005
174 313 42 9.200000000000005
180 306 44 9.200000000000005
186 300 46 9.200000000000005
193 293 48 9.200000000000005
200 287 50 9.200000000000005
207 281 52 9.200000000000005
214 276 54 9.200000000000005
222 270 56 9.200000000000005
229 265 58 9.200000000000005
237 260 60 9.200000000000005
245 256 62 9.200000000000005
253 251 64 9.200000000000005
261 247 64 9.200000000000005
270 243 64 9.200000000000005
278 239 64 9.200000000000005
286 235 64 9.200000000000005
295 231 64 9.200000000000005
303 227 64 9.200000000000005
311 223 64 9.200000000000005
319 219 64 9.200000000000005
328 215 66 9.200000000000005
336 211 68 9.200000000000005
345 208 70 9.200000000000005
353 205 72 9.200000000000005
362 202 74 9.200000000000005
371 199 74 9.200000000000005
380 197 74 9.200000000000005
388 194 74 9.200000000000005
397 192 74 9.200000000000005
406 189 74 9.200000000000005
415 186 74 9.200000000000005
424 184 74 9.200000000000005
433 181 74 9.200000000000005
442 179 76 9.200000000000005
450 177 78 9.200000000000005
459 175 80 9.200000000000005
468 173 82 9.200000000000005
478 172 84 9.200000000000005
487 171 84 9.200000000000005
496 170 84 9.200000000000005
505 169 84 9.200000000000005
514 168 84 9.200000000000005
523 167 84 9.200000000000005
532 166 84 9.200000000000005
542 165 84 9.200000000000005
551 164 86 9.200000000000005
560 164 88 9.200000000000005
569 163 90 9.200000000000005
578 163 90 9.200000000000005
588 163 90 9.200000000000005
597 163 90 9.200000000000005
606 163 90 9.200000000000005
615 163 90 9.200000000000005
624 163 90 9.200000000000005
634 163 90 9.200000000000005
643 163 90 9.200000000000005
652 163 90 9.200000000000005
661 163 92 9.200000000000005
670 164 94 9.200000000000005
680 164 96 9.200000000000005
689 165 98 9.200000000000005
698 166 98 9.200000000000005
707 168 98 9.200000000000005
716 169 98 9.200000000000005
725 170 98 9.200000000000005
734 172 98 9.200000000000005
743 173 98 9.200000000000005
752 174 98 9.200000000000005
762 175 98 9.200000000000005
771 177 98 9.200000000000005
780 178 98 9.200000000000005
789 179 98 9.200000000000005
798 181 100 9.200000000000005
807 182 102 9.200000000000005
816 184 104 9.200000000000005
825 186 106 9.200000000000005
834 189 108 9.200000000000005
843 192 110 9.200000000000005
851 195 112 9.200000000000005
860 198 114 9.200000000000005
868 202 116 9.200000000000005
876 206 118 9.200000000000005
885 210 120 9.200000000000005
893 215 122 9.200000000000005
900 220 124 9.200000000000005
908 225 126 9.200000000000005
915 230 128 9.200000000000005
923 236 130 9.200000000000005
930 242 132 9.200000000000005
937 248 134 9.200000000000005
943 254 136 9.200000000000005
950 261 138 9.200000000000005
956 268 140 9.200000000000005
962 275 142 9.200000000000005
967 282 144 9.200000000000005
973 290 146 9.200000000000005
978 297 148 9.200000000000005
983 305 150 9.200000000000005
987 313 152 9.200000000000005
992 321 154 9.200000000000005
996 329 156 9.200000000000005
999 338 158 9.200000000000005
1003 346 160 9.200000000000005
1006 355 162 9.200000000000005
1009 364 164 9.200000000000005
1011 373 166 9.200000000000005
1014 382 168 9.200000000000005
1016 391 170 9.200000000000005
1017 400 172 9.200000000000005
1018 409 174 9.200000000000005
1019 418 176 9.200000000000005
1020 427 178 9.200000000000005
1020 436 180 9.200000000000005
1020 445 182 9.200000000000005
1020 455 184 9.200000000000005
1019 464 186 9.200000000000005
1018 473 188 9.200000000000005
1017 482 190 9.200000000000005
1016 491 190 9.200000000000005
1014 500 190 9.200000000000005
1012 509 190 9.200000000000005
1011 518 190 9.200000000000005
1009 527 190 9.200000000000005
1008 536 192 9.200000000000005
1006 545 194 9.200000000000005
1003 554 196 9.200000000000005
1001 563 198 9.200000000000005
998 572 200 9.200000000000005
995 581 202 9.200000000000005
991 589 204 9.200000000000005
988 598 206 9.200000000000005
984 606 208 9.200000000000005
979 614 210 9.200000000000005
975 622 212 9.200000000000005
970 630 214 9.200000000000005
965 637 216 9.200000000000005
959 645 218 9.200000000000005
954 652 220 9.200000000000005
948 659 222 9.200000000000005
942 666 224 9.200000000000005
935 673 226 9.200000000000005
929 679 228 9.200000000000005
922 685 230 9.200000000000005
915 691 232 9.200000000000005
907 697 234 9.200000000000005
900 702 236 9.200000000000005
892 707 238 9.200000000000005
885 712 240 9.200000000000005
877 717 242 9.200000000000005
868 721 244 9.200000000000005
860 725 246 9.200000000000005
852 729 248 9.200000000000005
843 732 250 9.200000000000005
835 735 252 9.200000000000005
826 738 254 9.200000000000005
817 741 256 9.200000000000005
808 743 258 9.200000000000005
799 745 258 9.200000000000005
790 747 258 9.200000000000005
781 749 258 9.200000000000005
772 751 258 9.200000000000005
763 753 258 9.200000000000005
754 754 258 9.200000000000005
745 756 258 9.200000000000005
736 758 260 9.200000000000005
727 760 262 9.200000000000005
718 761 264 9.200000000000005
709 762 266 9.200000000000005
700 763 268 9.200000000000005
690 763 268 9.200000000000005
681 763 268 9.200000000000005
672 764 268 9.200000000000005
663 764 268 9.200000000000005
654 764 268 9.200000000000005
644 765 268 9.200000000000005
635 765 270 9.200000000000005
626 765 272 9.200000000000005
617 765 274 9.200000000000005
608 764 274 9.200000000000005
598 763 274 9.200000000000005
589 763 274 9.200000000000005
580 762 274 9.200000000000005
571 761 274 9.200000000000005
562 761 274 9.200000000000005
553 760 274 9.200000000000005
543 760 274 9.200000000000005
534 759 274 9.200000000000005
525 758 274 9.200000000000005
516 758 274 9.200000000000005
507 757 274 9.200000000000005
498 756 274 9.200000000000005
488 756 274 9.200000000000005
479 755 274 9.200000000000005
470 754 274 9.200000000000005
461 754 274 9.200000000000005
452 753 274 9.200000000000005
442 752 274 9.200000000000005
433 752 274 9.200000000000005
424 751 274 9.200000000000005
415 751 274 9.200000000000005
406 750 274 9.200000000000005
397 749 274 9.200000000000005
387 749 274 9.200000000000005
378 748 276 9.200000000000005
369 747 278 9.200000000000005
360 746 280 9.200000000000005
351 744 282 9.200000000000005
342 742 284 9.200000000000005
333 740 286 9.200000000000005
324 737 288 9.200000000000005
315 735 290 9.200000000000005
307 731 292 9.200000000000005
298 728 294 9.200000000000005
290 724 296 9.200000000000005
282 720 298 9.200000000000005
273 716 300 9.200000000000005
265 711 302 9.200000000000005
258 706 304 9.200000000000005
250 701 306 9.200000000000005
243 696 308 9.200000000000005
235 690 310 9.200000000000005
228 684 312 9.200000000000005
221 678 314 9.200000000000005
215 672 316 9.200000000000005
208 665 318 9.200000000000005
202 658 320 9.200000000000005
196 651 322 9.200000000000005
191 644 324 9.200000000000005
185 637 326 9.200000000000005
180 629 328 9.200000000000005
175 621 330 9.200000000000005
171 613 332 9.200000000000005
166 605 334 9.200000000000005
162 597 336 9.200000000000005
159 588 338 9.200000000000005
155 580 340 9.200000000000005
152 571 342 9.200000000000005
149 562 344 9.200000000000005
147 554 346 9.200000000000005
144 545 348 9.200000000000005
142 536 350 9.200000000000005
141 527 352 9.200000000000005
140 518 354 9.200000000000005
139 508 356 9.200000000000005
138 499 358 9.200000000000005
138 490 0 9.200000000000005
138 481 2 9.200000000000005
138 472 4 9.200000000000005
139 462 6 9.200000000000005
140 453 8 9.200000000000005
141 444 10 9.200000000000005
142 435 12 9.200000000000005
144 426 14 9.200000000000005
147 417 16 9.200000000000005
149 408 18 9.200000000000005
152 400 20 9.200000000000005
155 391 22 9.200000000000005
159 382 24 9.200000000000005
162 374 26 9.200000000000005
166 366 28 9.200000000000005
171 358 30 9.200000000000005
175 350 32 9.200000000000005
180 342 34 9.200000000000005
185 334 36 9.200000000000005
191 327 38 9.200000000000005
196 320 40 9.200000000000005
202 312 42 9.200000000000005
208 306 44 9.200000000000005
215 299 46 9.200000000000005
221 293 48 9.200000000000005
228 286 50 9.200000000000005
235 281 52 9.200000000000005
243 275 54 9.200000000000005
250 270 56 9.200000000000005
258 264 58 9.200000000000005
265 259 60 9.200000000000005
273 255 62 9.200000000000005
282 251 64 9.200000000000005
290 247 66 9.200000000000005
298 243 68 9.200000000000005
307 239 70 9.200000000000005
315 236 72 9.200000000000005
324 233 74 9.200000000000005
333 231 76 9.200000000000005
342 229 76 9.200000000000005
351 226 76 9.200000000000005
360 224 76 9.200000000000005
369 222 76 9.200000000000005
378 220 76 9.200000000000005
387 217 76 9.200000000000005
395 215 76 9.200000000000005
404 213 76 9.200000000000005
413 211 76 9.200000000000005
422 209 76 9.200000000000005
431 206 76 9.200000000000005
440 204 76 9.200000000000005
449 202 78 9.200000000000005
458 200 80 9.200000000000005
467 198 82 9.200000000000005
476 197 84 9.200000000000005
485 196 86 9.200000000000005
495 195 86 9.200000000000005
504 195 86 9.200000000000005
513 194 86 9.200000000000005
522 194 86 9.200000000000005
531 193 86 9.200000000000005
540 192 86 9.200000000000005
550 192 86 9.200000000000005
559 191 86 9.200000000000005
568 190 88 9.200000000000005
577 190 90 9.200000000000005
586 190 92 9.200000000000005
596 190 94 9.200000000000005
605 191 96 9.200000000000005
614 192 96 9.200000000000005
623 193 96 9.200000000000005
632 194 96 9.200000000000005
641 195 96 9.200000000000005
650 196 96 9.200000000000005
660 197 96 9.200000000000005
669 198 96 9.200000000000005
678 199 96 9.200000000000005
687 200 96 9.200000000000005
696 201 96 9.200000000000005
705 202 96 9.200000000000005
715 203 96 9.200000000000005
724 204 96 9.200000000000005
733 204 96 9.200000000000005
742 205 96 9.200000000000005
751 206 96 9.200000000000005
760 207 96 9.200000000000005
769 208 96 9.200000000000005
779 209 96 9.200000000000005
788 210 96 9.200000000000005
797 211 96 9.200000000000005
806 212 96 9.200000000000005
815 213 96 9.200000000000005
824 214 98 9.200000000000005
833 215 100 9.200000000000005
842 217 102 9.200000000000005
851 219 104 9.200000000000005
860 221 106 9.200000000000005
869 224 108 9.200000000000005
878 226 110 9.200000000000005
887 230 112 9.200000000000005
895 233 114 9.200000000000005
904 237 116 9.200000000000005
912 241 118 9.200000000000005
920 245 120 9.200000000000005
928 250 122 9.200000000000005
936 255 124 9.200000000000005
943 260 126 9.200000000000005
951 265 128 9.200000000000005
958 271 130 9.200000000000005
965 277 132 9.200000000000005
972 283 134 9.200000000000005
979 289 136 9.200000000000005
985 296 138 9.200000000000005
991 303 140 9.200000000000005
997 310 142 9.200000000000005
1003 317 144 9.200000000000005
1008 325 146 9.200000000000005
1013 332 148 9.200000000000005
1018 340 150 9.200000000000005
1023 348 152 9.200000000000005
1027 356 154 9.200000000000005
1031 364 156 9.200000000000005
1035 373 158 9.200000000000005
1038 381 160 9.200000000000005
1041 390 162 9.200000000000005
1044 399 164 9.200000000000005
1047 407 166 9.200000000000005
1049 416 168 9.200000000000005
1051 425 170 9.200000000000005
1053 434 172 9.200000000000005
1054 444 174 9.200000000000005
1055 453 176 9.200000000000005
1055 462 178 9.200000000000005
1056 471 180 9.200000000000005
1056 480 182 9.200000000000005
1055 489 184 9.200000000000005
1055 499 186 9.200000000000005
1054 508 188 9.200000000000005
1053 517 190 9.200000000000005
1051 526 192 9.200000000000005
1049 535 194 9.200000000000005
1047 544 194 9.200000000000005
1045 553 194 9.200000000000005
1042 562 194 9.200000000000005
1040 571 194 9.200000000000005
1038 580 194 9.200000000000005
1036 589 194 9.200000000000005
1033 597 194 9.200000000000005
1031 606 194 9.200000000000005
1029 615 196 9.200000000000005
1026 624 198 9.200000000000005
1024 633 200 9.200000000000005
1020 642 202 9.200000000000005
1017 650 204 9.200000000000005
1013 658 206 9.200000000000005
1009 667 208 9.200000000000005
1005 675 210 9.200000000000005
1000 683 212 9.200000000000005
995 691 214 9.200000000000005
990 698 216 9.200000000000005
985 706 218 9.200000000000005
979 713 220 9.200000000000005
973 720 222 9.200000000000005
967 727 224 9.200000000000005
961 733 226 9.200000000000005
954 740 228 9.200000000000005
947 746 230 9.200000000000005
940 752 232 9.200000000000005
933 758 234 9.200000000000005
926 763 236 9.200000000000005
918 768 238 9.200000000000005
910 773 240 9.200000000000005
902 778 242 9.200000000000005
894 782 244 9.200000000000005
886 786 246 9.200000000000005
877 790 248 9.200000000000005
869 793 250 9.200000000000005
860 796 252 9.200000000000005
851 799 254 9.200000000000005
843 802 256 9.200000000000005
834 804 258 9.100000000000005
825 806 260 9.000000000000005
816 807 262 8.900000000000006
807 809 264 8.800000000000006
798 810 266 8.700000000000006
790 810 268 8.600000000000007
781 810 270 8.500000000000007
773 810 272 8.400000000000007
764 810 274 8.300000000000008
756 810 276 8.200000000000008
748 809 278 8.100000000000009
740 808 280 8.000000000000009
732 806 282 7.900000000000009
724 805 284 7.80000000000001
717 803 286 7.80000000000001
709 801 288 7.80000000000001
702 798 288 7.80000000000001
694 796 288 7.80000000000001
687 793 288 7.80000000000001
679 791 288 7.80000000000001
672 788 288 7.80000000000001
665 786 288 7.80000000000001
657 784 288 7.80000000000001
650 781 288 7.80000000000001
642 779 288 7.80000000000001
635 776 286 7.80000000000001
627 774 284 7.80000000000001
620 772 282 7.80000000000001
612 771 280 7.80000000000001
604 769 278 7.80000000000001
597 768 276 7.80000000000001
589 768 274 7.80000000000001
581 767 272 7.80000000000001
573 767 272 7.80000000000001
566 766 272 7.80000000000001
558 766 272 7.80000000000001
550 766 272 7.80000000000001
542 766 272 7.80000000000001
534 765 272 7.80000000000001
527 765 272 7.80000000000001
519 765 272 7.80000000000001
511 765 272 7.80000000000001
503 764 272 7.80000000000001
495 764 272 7.80000000000001
488 764 272 7.80000000000001
480 763 272 7.80000000000001
472 763 272 7.80000000000001
464 763 272 7.80000000000001
456 763 272 7.80000000000001
449 762 272 7.80000000000001
441 762 272 7.80000000000001
433 762 272 7.80000000000001
425 762 272 7.80000000000001
418 761 272 7.80000000000001
410 761 272 7.80000000000001
402 761 272 7.80000000000001
394 760 272 7.80000000000001
386 760 272 7.80000000000001
379 760 272 7.80000000000001
371 760 272 7.80000000000001
363 759 272 7.80000000000001
355 759 272 7.80000000000001
347 759 272 7.80000000000001
340 759 272 7.80000000000001
332 758 272 7.80000000000001
324 758 272 7.80000000000001
316 758 272 7.80000000000001
